open_time,open,high,low,close,volume,close_time,quote_volume,count,taker_buy_volume,taker_buy_quote_volume,ignore
1716422400000,0.1403500,0.1410900,0.1403500,0.1407600,575147,1716422579999,80959.7959200,941,387021,54481.0483700,0
1716422580000,0.1407900,0.1413000,0.1404600,0.1409200,725768,1716422759999,102295.3372100,773,288120,40619.9412300,0
1716422760000,0.1409800,0.1413700,0.1408600,0.1411000,603272,1716422939999,85123.2966700,647,325976,45998.2617500,0
1716422940000,0.1411200,0.1417300,0.1410400,0.1413900,325483,1716423119999,46016.6361200,471,195497,27637.5312000,0
1716423120000,0.1413700,0.1416400,0.1412200,0.1415200,571133,1716423299999,80796.3152600,515,239932,33942.8993000,0
1716423300000,0.1415100,0.1418200,0.1412100,0.1413300,605911,1716423479999,85714.8685300,794,348997,49372.4599800,0
1716423480000,0.1413100,0.1415500,0.1409000,0.1409300,194429,1716423659999,27464.2040100,375,77725,10981.4658600,0
1716423660000,0.1409100,0.1409200,0.1405900,0.1406700,275490,1716423839999,38764.0920000,445,137923,19407.5561500,0
1716423840000,0.1406800,0.1409000,0.1404900,0.1406400,602581,1716424019999,84772.4063000,651,338350,47610.9625400,0
1716424020000,0.1405900,0.1406200,0.1404000,0.1404300,161711,1716424199999,22727.5901100,201,53375,7502.3799700,0
1716424200000,0.1404100,0.1412000,0.1402400,0.1411500,751883,1716424379999,105810.8431300,900,423184,59547.6639600,0
1716424380000,0.1411500,0.1417500,0.1411500,0.1412600,598249,1716424559999,84631.3586000,741,290110,41035.0229300,0
1716424560000,0.1413200,0.1421500,0.1413200,0.1420500,316031,1716424739999,44804.5276200,503,239404,33927.3969800,0
1716424740000,0.1420100,0.1422300,0.1419700,0.1421400,374567,1716424919999,53225.3809100,453,176313,25060.1997100,0
1716424920000,0.1421200,0.1423400,0.1420000,0.1420600,282002,1716425099999,40086.7856600,315,145238,20648.5280100,0
1716425100000,0.1420600,0.1425500,0.1420200,0.1421200,601833,1716425279999,85624.8898800,789,301478,42904.6581000,0
1716425280000,0.1421500,0.1421500,0.1416200,0.1417500,616248,1716425459999,87370.7139700,619,214650,30434.7004400,0
1716425460000,0.1417700,0.1418600,0.1412000,0.1412200,471770,1716425639999,66800.7480200,561,152048,21539.3676300,0
1716425640000,0.1411900,0.1414000,0.1410000,0.1410400,257348,1716425819999,36343.3733000,365,135273,19110.8546900,0
1716425820000,0.1410400,0.1410800,0.1408700,0.1409600,369400,1716425999999,52074.9744000,369,238633,33646.4680500,0
1716426000000,0.1409300,0.1409300,0.1404900,0.1405600,328282,1716426179999,46190.0751800,608,166335,23406.8891200,0
1716426180000,0.1405500,0.1406100,0.1396100,0.1396600,927468,1716426359999,129914.2374900,1051,230617,32302.1796400,0
1716426360000,0.1396300,0.1398900,0.1393100,0.1393100,477325,1716426539999,66602.5976500,584,127642,17831.4609200,0
1716426540000,0.1393100,0.1393100,0.1377600,0.1378800,1876102,1716426719999,259716.3986700,1781,490614,67905.6744300,0
1716426720000,0.1378600,0.1389400,0.1375800,0.1388900,1125647,1716426899999,155499.5667600,1193,829049,114561.1029300,0
1716426900000,0.1389300,0.1392600,0.1387600,0.1388400,707372,1716427079999,98316.5064000,804,228690,31801.8290600,0
1716427080000,0.1388400,0.1389000,0.1380500,0.1387100,859273,1716427259999,119019.3745700,776,351125,48625.1139800,0
1716427260000,0.1387200,0.1392300,0.1385100,0.1389000,419303,1716427439999,58237.8542400,645,217821,30257.3683800,0
1716427440000,0.1389200,0.1389900,0.1384000,0.1387900,352929,1716427619999,48972.1092500,535,158369,21974.3166200,0
1716427620000,0.1388500,0.1390000,0.1386600,0.1387000,466554,1716427799999,64771.0142300,339,344163,47788.2821500,0
1716427800000,0.1387600,0.1394200,0.1385200,0.1393900,1742583,1716427979999,242178.1151000,1278,1232781,171334.0600800,0
1716427980000,0.1393900,0.1395600,0.1389100,0.1391200,678222,1716428159999,94480.8636200,650,352498,49113.6815300,0
1716428160000,0.1391500,0.1396000,0.1390200,0.1394800,670840,1716428339999,93508.1046900,718,483637,67424.4822600,0
1716428340000,0.1395300,0.1398600,0.1393700,0.1397800,510120,1716428519999,71220.6963600,516,304157,42475.5660000,0
1716428520000,0.1398000,0.1402900,0.1397900,0.1402200,478748,1716428699999,67075.1508100,576,296778,41577.6989700,0
1716428700000,0.1401800,0.1401800,0.1397500,0.1399500,463837,1716428879999,64938.7428200,457,143797,20134.1987200,0
1716428880000,0.1399400,0.1403700,0.1398300,0.1399300,416842,1716429059999,58419.9349900,427,217321,30466.8616300,0
1716429060000,0.1399500,0.1405400,0.1399500,0.1403600,416599,1716429239999,58422.8794600,355,235393,32997.5631400,0
1716429240000,0.1403400,0.1405700,0.1398000,0.1399800,1004790,1716429419999,140823.6762300,853,414446,58080.4011300,0
1716429420000,0.1399900,0.1399900,0.1393800,0.1395100,540049,1716429599999,75430.3856300,531,200268,27970.9858300,0
1716429600000,0.1395800,0.1396900,0.1390300,0.1393100,495786,1716429779999,69090.8760400,637,176158,24554.0881400,0
1716429780000,0.1393400,0.1397900,0.1392100,0.1393400,502301,1716429959999,70078.7671500,583,193196,26957.2171100,0
1716429960000,0.1393100,0.1394900,0.1390200,0.1391900,386410,1716430139999,53811.7490500,544,180602,25155.2312300,0
1716430140000,0.1392400,0.1398400,0.1392400,0.1398400,237329,1716430319999,33117.3640000,372,157233,21938.9108600,0
1716430320000,0.1398300,0.1399400,0.1396200,0.1396800,295991,1716430499999,41377.3206200,312,149038,20838.4235000,0
1716430500000,0.1396700,0.1402400,0.1396200,0.1401700,311169,1716430679999,43573.2239600,392,217016,30389.0991900,0
1716430680000,0.1401700,0.1406700,0.1401300,0.1406100,689746,1716430859999,96851.6943000,695,520095,73030.5184200,0
1716430860000,0.1405900,0.1407500,0.1397400,0.1400200,1179902,1716431039999,165414.3378200,910,341043,47863.3939400,0
1716431040000,0.1400500,0.1401300,0.1395900,0.1396000,382286,1716431219999,53451.7824000,457,124623,17443.1793800,0
1716431220000,0.1396000,0.1396400,0.1390400,0.1391600,455709,1716431399999,63465.0814700,493,135189,18827.9210000,0
1716431400000,0.1391300,0.1393200,0.1383700,0.1383800,1282893,1716431579999,178379.3803900,752,763671,106250.8346100,0
1716431580000,0.1383800,0.1389600,0.1380700,0.1389600,925079,1716431759999,128074.0538400,997,450538,62399.6248500,0
1716431760000,0.1389600,0.1390500,0.1385700,0.1388200,435576,1716431939999,60427.3372900,395,285032,39534.1612500,0
1716431940000,0.1387800,0.1388800,0.1386200,0.1387600,127194,1716432119999,17649.1800200,177,27354,3796.2737600,0
1716432120000,0.1387600,0.1388400,0.1387000,0.1387500,82313,1716432299999,11422.5880300,147,39883,5535.4153300,0
1716432300000,0.1387500,0.1392500,0.1385300,0.1389000,390147,1716432479999,54224.6612900,440,227147,31571.9705100,0
1716432480000,0.1389100,0.1391000,0.1386800,0.1388200,135677,1716432659999,18851.1126500,245,75891,10543.8185300,0
1716432660000,0.1388300,0.1395100,0.1388300,0.1393900,407104,1716432839999,56705.3790800,516,263527,36708.6008600,0
1716432840000,0.1394300,0.1397100,0.1394300,0.1395600,289301,1716433019999,40378.2538400,412,168011,23447.3881600,0
1716433020000,0.1396000,0.1396200,0.1394600,0.1395300,61081,1716433199999,8522.9024100,119,25219,3519.1146900,0
1716433200000,0.1395600,0.1396500,0.1390300,0.1394700,350719,1716433379999,48880.8607800,492,177956,24805.2133300,0
1716433380000,0.1394700,0.1400200,0.1392200,0.1397900,453477,1716433559999,63374.0018500,548,348545,48719.3702700,0
1716433560000,0.1398200,0.1400900,0.1397200,0.1400900,252581,1716433739999,35343.2966900,395,126260,17670.9408400,0
1716433740000,0.1400600,0.1402300,0.1395600,0.1402300,374388,1716433919999,52374.3165600,619,193321,27045.4698100,0
1716433920000,0.1401700,0.1404500,0.1400500,0.1401300,354803,1716434099999,49764.8833100,523,163618,22954.7006600,0
1716434100000,0.1401200,0.1404000,0.1396800,0.1398000,698133,1716434279999,97787.0331700,803,314190,44002.4057500,0
1716434280000,0.1398300,0.1403600,0.1398300,0.1403600,272860,1716434459999,38246.1330100,424,160567,22502.4477400,0
1716434460000,0.1403300,0.1405500,0.1402400,0.1402600,430953,1716434639999,60504.2780300,553,183374,25747.5559100,0
1716434640000,0.1402800,0.1404400,0.1400300,0.1404000,759085,1716434819999,106479.4471700,567,279705,39240.7703100,0
1716434820000,0.1404200,0.1406700,0.1402900,0.1406000,692228,1716434999999,97236.2637400,529,287285,40355.1018100,0
1716435000000,0.1406200,0.1409600,0.1405200,0.1409100,934977,1716435179999,131595.8216600,733,413954,58260.1118300,0
1716435180000,0.1409100,0.1409100,0.1399700,0.1399700,842219,1716435359999,118235.7029700,761,307676,43170.1053100,0
1716435360000,0.1399700,0.1402300,0.1398000,0.1402300,498990,1716435539999,69856.0393200,497,299112,41878.3217200,0
1716435540000,0.1402200,0.1402400,0.1399200,0.1401900,294060,1716435719999,41196.8780900,338,119067,16685.3703900,0
1716435720000,0.1402300,0.1403500,0.1400500,0.1402000,332418,1716435899999,46602.5190000,247,135969,19052.5631500,0
1716435900000,0.1401600,0.1405600,0.1400600,0.1405600,264843,1716436079999,37166.4463800,336,167810,23554.0146800,0
1716436080000,0.1405600,0.1407300,0.1402800,0.1404100,244128,1716436259999,34309.1173400,316,51923,7298.0129900,0
1716436260000,0.1403900,0.1403900,0.1400500,0.1402000,192600,1716436439999,27002.6437900,247,77412,10855.4817200,0
1716436440000,0.1402000,0.1406700,0.1401600,0.1405100,344905,1716436619999,48464.6764500,394,173536,24383.5242900,0
1716436620000,0.1405100,0.1406900,0.1405100,0.1406600,154023,1716436799999,21653.0021000,223,79035,11111.8976400,0
1716436800000,0.1406800,0.1406800,0.1400700,0.1400800,353523,1716436979999,49618.1220500,445,124615,17482.9931800,0
1716436980000,0.1400900,0.1404900,0.1400500,0.1401600,622877,1716437159999,87432.6170900,496,250172,35107.4796300,0
1716437160000,0.1401400,0.1402700,0.1398800,0.1399500,408069,1716437339999,57163.1490800,365,186293,26099.0358000,0
1716437340000,0.1399500,0.1399500,0.1392100,0.1392300,492754,1716437519999,68792.7305600,586,165124,23053.7843500,0
1716437520000,0.1392400,0.1395300,0.1392400,0.1394500,236442,1716437699999,32961.3581900,331,163229,22753.8367700,0
1716437700000,0.1394400,0.1395000,0.1390600,0.1392200,277592,1716437879999,38669.4071700,312,119467,16643.9587200,0
1716437880000,0.1392400,0.1393400,0.1390000,0.1390800,266815,1716438059999,37118.1616000,287,66741,9292.6608200,0
1716438060000,0.1390800,0.1391900,0.1390200,0.1391400,290250,1716438239999,40374.2082000,320,178485,24830.0928600,0
1716438240000,0.1391300,0.1394700,0.1390000,0.1394500,391163,1716438419999,54444.9731500,376,186254,25940.6133600,0
1716438420000,0.1394600,0.1394900,0.1391900,0.1394200,276004,1716438599999,38472.5469900,244,174472,24321.5552400,0
1716438600000,0.1394800,0.1395600,0.1392100,0.1393900,462145,1716438779999,64432.6796400,390,276961,38614.9770600,0
1716438780000,0.1394000,0.1394600,0.1391500,0.1391900,149135,1716438959999,20774.6092900,205,70650,9841.6084800,0
1716438960000,0.1391700,0.1396400,0.1389900,0.1394800,418635,1716439139999,58334.6023500,474,262606,36603.6254600,0
1716439140000,0.1395200,0.1399900,0.1395200,0.1398500,568996,1716439319999,79566.9802100,527,331744,46378.3097900,0
1716439320000,0.1398700,0.1403400,0.1398700,0.1402800,320044,1716439499999,44853.4513900,384,189541,26558.5803500,0
1716439500000,0.1402400,0.1402800,0.1396000,0.1397800,580709,1716439679999,81263.0244400,526,185594,25961.8948100,0
1716439680000,0.1398000,0.1398500,0.1395900,0.1397300,107425,1716439859999,15010.1922500,212,62730,8764.9542600,0
1716439860000,0.1397400,0.1406200,0.1397200,0.1405600,617626,1716440039999,86678.2576600,713,367420,51552.0933300,0
1716440040000,0.1405500,0.1406600,0.1402600,0.1405500,293316,1716440219999,41210.4421000,367,143090,20099.6437800,0
1716440220000,0.1405400,0.1407300,0.1403200,0.1404200,514878,1716440399999,72383.6414000,411,206180,28991.7265000,0
1716440400000,0.1404000,0.1407000,0.1402400,0.1406900,359706,1716440579999,50519.9845200,549,248498,34906.6275600,0
1716440580000,0.1406800,0.1407400,0.1403200,0.1403200,366426,1716440759999,51510.3596600,416,156461,21996.2951200,0
1716440760000,0.1403200,0.1403200,0.1400500,0.1402300,160119,1716440939999,22449.3679800,313,97607,13684.7760100,0
1716440940000,0.1402500,0.1403600,0.1399200,0.1401800,481796,1716441119999,67495.3106400,511,118999,16680.2282600,0
1716441120000,0.1402500,0.1417800,0.1402500,0.1415500,1637236,1716441299999,231196.2683700,1882,874744,123473.0093200,0
1716441300000,0.1415900,0.1417200,0.1407800,0.1409300,978365,1716441479999,138196.9111700,976,355893,50277.7015700,0
1716441480000,0.1409200,0.1412500,0.1407800,0.1411000,596735,1716441659999,84155.9337400,592,219671,30988.4785400,0
1716441660000,0.1411000,0.1419600,0.1410900,0.1418200,800809,1716441839999,113449.7902900,871,510074,72276.3088400,0
1716441840000,0.1418500,0.1425000,0.1418100,0.1422700,1071650,1716442019999,152340.6795600,1246,395654,56246.3878300,0
1716442020000,0.1422600,0.1422600,0.1416800,0.1417200,823617,1716442199999,116952.6865600,777,249791,35468.8643400,0
1716442200000,0.1417500,0.1417900,0.1410600,0.1415800,1300362,1716442379999,183884.9523700,1005,475933,67287.0286600,0
1716442380000,0.1415900,0.1417800,0.1412800,0.1413800,655297,1716442559999,92729.4443900,661,285161,40359.1827900,0
1716442560000,0.1413800,0.1414700,0.1408600,0.1409100,361374,1716442739999,51031.3811600,604,163801,23150.1379300,0
1716442740000,0.1409200,0.1412000,0.1407700,0.1411700,566862,1716442919999,79932.4448400,601,328219,46284.7823500,0
1716442920000,0.1411500,0.1411600,0.1408400,0.1410500,212475,1716443099999,29957.8839900,271,87629,12355.5074100,0
1716443100000,0.1410500,0.1414600,0.1405000,0.1406200,791674,1716443279999,111526.2607300,1011,281959,39740.2263300,0
1716443280000,0.1406000,0.1406500,0.1400700,0.1402100,1127437,1716443459999,158200.7544700,1173,432757,60740.0170300,0
1716443460000,0.1402300,0.1402300,0.1396900,0.1398900,539492,1716443639999,75547.2555300,633,130919,18332.0600200,0
1716443640000,0.1398700,0.1401300,0.1397300,0.1399100,415257,1716443819999,58098.6653800,461,305644,42766.0175700,0
1716443820000,0.1399500,0.1403300,0.1398700,0.1402500,203791,1716443999999,28539.9248000,299,127213,17814.6016500,0
1716444000000,0.1402300,0.1402400,0.1395000,0.1396000,465167,1716444179999,65094.9821100,635,155335,21764.0963900,0
1716444180000,0.1395900,0.1397300,0.1394500,0.1394600,165396,1716444359999,23087.8164600,241,86005,12007.2715100,0
1716444360000,0.1394700,0.1397900,0.1392600,0.1393000,308535,1716444539999,43048.6255400,449,120910,16879.6391500,0
1716444540000,0.1393000,0.1393500,0.1387600,0.1388200,643746,1716444719999,89482.3018000,805,217785,30293.7498100,0
1716444720000,0.1388000,0.1389500,0.1387600,0.1388100,361738,1716444899999,50223.1830000,317,155641,21610.9933900,0
1716444900000,0.1388200,0.1388600,0.1381100,0.1384700,1354839,1716445079999,187512.9726000,1322,440581,60958.4080300,0
1716445080000,0.1384500,0.1387100,0.1384000,0.1385000,446539,1716445259999,61859.4640100,490,201636,27935.3028700,0
1716445260000,0.1385100,0.1386200,0.1384600,0.1385600,157884,1716445439999,21875.1812700,248,61861,8571.4212700,0
1716445440000,0.1385600,0.1386700,0.1384400,0.1385000,377785,1716445619999,52339.3132000,488,176909,24515.0482800,0
1716445620000,0.1384900,0.1385400,0.1384000,0.1384900,282077,1716445799999,39052.1020800,189,188027,26030.0499500,0
1716445800000,0.1385000,0.1389800,0.1385000,0.1389300,260487,1716445979999,36143.1499100,381,168377,23357.5471700,0
1716445980000,0.1389300,0.1393600,0.1389100,0.1393300,465826,1716446159999,64809.7839300,518,291095,40493.8736000,0
1716446160000,0.1392900,0.1392900,0.1387500,0.1388400,341659,1716446339999,47483.2209200,381,114456,15903.4786800,0
1716446340000,0.1388400,0.1389600,0.1387300,0.1389100,503117,1716446519999,69846.8044700,356,293503,40747.7580000,0
1716446520000,0.1389000,0.1390300,0.1388000,0.1389100,565880,1716446699999,78611.2819900,395,295845,41105.9738200,0
1716446700000,0.1389000,0.1390100,0.1388200,0.1389100,174837,1716446879999,24286.9722200,238,81729,11353.3859100,0
1716446880000,0.1389400,0.1392500,0.1389100,0.1392100,959638,1716447059999,133475.7790400,503,701762,97613.1960500,0
1716447060000,0.1392100,0.1395000,0.1392100,0.1394400,939954,1716447239999,131021.4945100,692,588906,82093.3851000,0
1716447240000,0.1394300,0.1394600,0.1388300,0.1388500,745083,1716447419999,103724.7207200,518,143515,19972.3200000,0
1716447420000,0.1388300,0.1391200,0.1388000,0.1388900,206049,1716447599999,28628.5317600,279,127246,17678.6235200,0
1716447600000,0.1388900,0.1393400,0.1388700,0.1390000,444833,1716447779999,61903.9167200,563,259412,36106.2593200,0
1716447780000,0.1390000,0.1390100,0.1382100,0.1383400,681935,1716447959999,94425.4229900,842,334324,46292.6854200,0
1716447960000,0.1383700,0.1387300,0.1383400,0.1384400,409364,1716448139999,56698.4105900,533,280162,38797.3598200,0
1716448140000,0.1384400,0.1384800,0.1382000,0.1382900,507776,1716448319999,70230.1421600,623,197677,27339.6374200,0
1716448320000,0.1382700,0.1389200,0.1382500,0.1388900,313597,1716448499999,43478.0747400,371,227556,31552.9013700,0
1716448500000,0.1389100,0.1390200,0.1387000,0.1387700,478105,1716448679999,66372.6496200,446,257663,35770.4060300,0
1716448680000,0.1387400,0.1389500,0.1386100,0.1386200,220299,1716448859999,30586.1584700,316,74099,10291.5413600,0
1716448860000,0.1386000,0.1390100,0.1384100,0.1389200,264559,1716449039999,36678.4641500,392,152683,21174.6015500,0
1716449040000,0.1388900,0.1389700,0.1385800,0.1387900,225221,1716449219999,31268.2210200,248,101106,14042.9938800,0
1716449220000,0.1388100,0.1389900,0.1387300,0.1389100,149963,1716449399999,20831.3888500,219,126426,17563.7277700,0
1716449400000,0.1388800,0.1390300,0.1387300,0.1390100,184716,1716449579999,25657.0766300,246,96704,13436.2167800,0
1716449580000,0.1390400,0.1399600,0.1390400,0.1399300,726741,1716449759999,101452.1167200,749,549297,76690.6741200,0
1716449760000,0.1399300,0.1406200,0.1399000,0.1405200,794464,1716449939999,111452.9441100,911,499418,70062.9250300,0
1716449940000,0.1405400,0.1411400,0.1404800,0.1409000,860821,1716450119999,121199.8695600,1070,428643,60344.2587900,0
1716450120000,0.1408800,0.1412900,0.1408400,0.1411600,1076523,1716450299999,151865.3076300,1107,572960,80857.3253000,0
1716450300000,0.1411800,0.1423100,0.1409900,0.1414000,2122764,1716450479999,300754.7489400,2122,905766,128348.5317600,0
1716450480000,0.1414100,0.1415000,0.1405900,0.1408000,1353895,1716450659999,190781.3130500,1126,594242,83747.6551800,0
1716450660000,0.1408400,0.1408800,0.1404500,0.1406400,445871,1716450839999,62708.2647800,533,199869,28116.1693200,0
1716450840000,0.1406800,0.1409400,0.1403400,0.1403400,370045,1716451019999,52074.9470200,487,173630,24445.5899500,0
1716451020000,0.1403900,0.1406900,0.1403300,0.1404700,702420,1716451199999,98669.5930600,715,236663,33261.3664700,0
1716451200000,0.1404600,0.1404600,0.1396100,0.1396400,1097372,1716451379999,153648.4766100,1283,370605,51890.2717200,0
1716451380000,0.1396500,0.1402500,0.1395400,0.1400400,717542,1716451559999,100411.0761700,759,543302,76031.7514100,0
1716451560000,0.1400000,0.1406500,0.1398300,0.1405100,602493,1716451739999,84442.7143600,612,395724,55471.7084200,0
1716451740000,0.1405400,0.1408400,0.1402000,0.1405800,423717,1716451919999,59572.2898500,549,213836,30074.2365500,0
1716451920000,0.1405800,0.1408700,0.1403700,0.1408700,402530,1716452099999,56630.0868600,403,234551,33003.1177600,0
1716452100000,0.1408200,0.1413600,0.1406100,0.1406200,1163332,1716452279999,163995.6161300,1255,697012,98287.8594700,0
1716452280000,0.1406300,0.1406300,0.1401000,0.1403400,854287,1716452459999,119825.1330400,927,354654,49753.4360100,0
1716452460000,0.1403500,0.1404100,0.1399200,0.1402800,451860,1716452639999,63322.9736000,444,243440,34114.5288900,0
1716452640000,0.1402900,0.1405900,0.1402500,0.1403000,219600,1716452819999,30838.3426600,314,94081,13212.5051300,0
1716452820000,0.1403000,0.1406000,0.1402500,0.1405200,228819,1716452999999,32136.6977100,327,149426,20983.8334700,0
1716453000000,0.1405300,0.1407300,0.1401700,0.1402400,373044,1716453179999,52417.7651700,575,170088,23906.3283800,0
1716453180000,0.1402200,0.1405800,0.1402200,0.1403400,338304,1716453359999,47488.9126700,422,204381,28690.0288700,0
1716453360000,0.1403500,0.1405800,0.1402100,0.1402100,298087,1716453539999,41854.1899400,390,149636,21016.3371900,0
1716453540000,0.1402200,0.1409100,0.1401900,0.1407200,315683,1716453719999,44376.5987200,469,214384,30131.9126400,0
1716453720000,0.1407400,0.1408000,0.1398800,0.1398800,673453,1716453899999,94518.1133700,881,218842,30727.1923500,0
1716453900000,0.1398800,0.1400400,0.1396200,0.1396500,469740,1716454079999,65663.1731700,619,207193,28972.5612100,0
1716454080000,0.1396600,0.1399100,0.1396000,0.1398300,297632,1716454259999,41580.6047600,393,196211,27415.1951500,0
1716454260000,0.1397700,0.1398900,0.1396900,0.1397600,306168,1716454439999,42799.8596400,454,128428,17954.2408500,0
1716454440000,0.1397200,0.1397700,0.1396000,0.1396200,257409,1716454619999,35948.8125500,261,82329,11499.3227500,0
1716454620000,0.1396600,0.1398800,0.1396600,0.1398800,141482,1716454799999,19777.0262900,255,120520,16845.8145800,0
1716454800000,0.1399100,0.1401600,0.1396000,0.1401600,801343,1716454979999,112032.6098000,817,361023,50513.3308500,0
1716454980000,0.1401600,0.1402300,0.1398200,0.1399800,509918,1716455159999,71411.4762100,459,201721,28245.6980200,0
1716455160000,0.1400000,0.1401400,0.1399200,0.1400400,254334,1716455339999,35607.5366400,284,127833,17898.9158900,0
1716455340000,0.1400200,0.1400400,0.1397400,0.1398000,353796,1716455519999,49499.9555800,354,157043,21969.4303600,0
1716455520000,0.1397900,0.1401900,0.1397200,0.1400300,284427,1716455699999,39811.8078900,375,169397,23710.6582300,0
1716455700000,0.1400100,0.1401300,0.1398100,0.1399100,228192,1716455879999,31941.7228100,367,106281,14877.3772500,0
1716455880000,0.1399200,0.1401600,0.1397300,0.1399800,371251,1716456059999,51954.1695600,448,172194,24095.2811700,0
1716456060000,0.1399900,0.1401500,0.1396500,0.1397200,539459,1716456239999,75452.5823500,577,198811,27809.7756200,0
1716456240000,0.1397100,0.1398100,0.1391000,0.1393000,1078497,1716456419999,150425.9073500,1141,331667,46263.5556700,0
1716456420000,0.1392700,0.1394800,0.1388200,0.1390800,652407,1716456599999,90784.4189100,877,229773,31994.9435500,0
1716456600000,0.1390400,0.1393200,0.1387100,0.1387800,679219,1716456779999,94409.2369900,992,305801,42514.6332500,0
1716456780000,0.1388100,0.1389200,0.1386700,0.1388000,585603,1716456959999,81269.9434300,432,463036,64263.3335500,0
1716456960000,0.1388300,0.1389600,0.1386800,0.1388700,490302,1716457139999,68078.3319100,522,351373,48792.8253600,0
1716457140000,0.1388700,0.1389400,0.1383000,0.1384000,563509,1716457319999,78107.9061600,650,157233,21805.7161000,0
1716457320000,0.1383900,0.1384300,0.1377000,0.1380600,1519828,1716457499999,209909.5938000,1445,522366,72129.1747500,0
1716457500000,0.1380900,0.1381400,0.1373600,0.1378600,954257,1716457679999,131349.9536200,1259,350883,48307.4450200,0
1716457680000,0.1378800,0.1388000,0.1377700,0.1385900,2393098,1716457859999,331478.4078400,1319,1395194,193199.5140600,0
1716457860000,0.1385800,0.1385900,0.1380600,0.1381500,368270,1716458039999,50893.7852500,536,112707,15577.6210900,0
1716458040000,0.1381600,0.1382600,0.1376200,0.1377000,351014,1716458219999,48388.8320600,462,108085,14906.7515300,0
1716458220000,0.1377100,0.1379300,0.1375700,0.1379000,437198,1716458399999,60221.0704000,459,186381,25686.2579500,0
1716458400000,0.1379200,0.1379500,0.1373100,0.1374100,574934,1716458579999,79074.3860800,913,211576,29105.5244300,0
1716458580000,0.1373900,0.1386100,0.1373100,0.1385400,601047,1716458759999,83016.9654200,840,455823,62952.1770200,0
1716458760000,0.1384900,0.1386800,0.1382900,0.1384500,401397,1716458939999,55574.5493300,570,194009,26862.3503800,0
1716458940000,0.1384700,0.1384700,0.1381000,0.1381300,731823,1716459119999,101169.7849500,744,394196,54493.8761100,0
1716459120000,0.1381400,0.1383300,0.1381300,0.1382200,322465,1716459299999,44578.1988300,299,237805,32877.8610000,0
1716459300000,0.1382000,0.1382900,0.1381500,0.1382500,164688,1716459479999,22763.2211500,276,86121,11905.3485600,0
1716459480000,0.1382400,0.1383700,0.1381300,0.1382800,285582,1716459659999,39487.2455800,313,149394,20661.2510200,0
1716459660000,0.1382800,0.1382800,0.1381000,0.1381400,911233,1716459839999,125904.3884600,600,328836,45438.9003300,0
1716459840000,0.1381300,0.1382500,0.1380200,0.1380900,366172,1716460019999,50578.5184900,427,150027,20726.8220800,0
1716460020000,0.1380500,0.1381100,0.1374300,0.1378700,479910,1716460199999,66088.9920500,683,179119,24675.1510900,0
1716460200000,0.1378800,0.1380500,0.1376900,0.1377700,259356,1716460379999,35756.3827800,453,181720,25057.0222500,0
1716460380000,0.1377500,0.1377500,0.1361000,0.1370300,2563040,1716460559999,350280.3684700,2444,912975,124677.8635300,0
1716460560000,0.1370100,0.1374200,0.1367000,0.1374200,552257,1716460739999,75677.2248900,750,338679,46424.5026700,0
1716460740000,0.1374100,0.1377500,0.1372000,0.1377500,907622,1716460919999,124820.0250900,788,621235,85456.6375100,0
1716460920000,0.1377500,0.1379400,0.1374200,0.1377000,700273,1716461099999,96441.3598800,586,291423,40149.7823800,0
1716461100000,0.1376800,0.1377800,0.1371400,0.1373600,321703,1716461279999,44210.3910900,467,155350,21352.5740400,0
1716461280000,0.1373600,0.1375000,0.1371200,0.1371600,500865,1716461459999,68800.0964600,431,235430,32346.1793400,0
1716461460000,0.1371400,0.1372800,0.1368000,0.1371100,530014,1716461639999,72652.6539400,607,232430,31870.0431100,0
1716461640000,0.1371000,0.1372100,0.1369100,0.1370900,569162,1716461819999,78007.5022700,434,334544,45854.4540600,0
1716461820000,0.1370700,0.1372000,0.1368100,0.1369900,158281,1716461999999,21684.5106000,234,65368,8956.8609500,0
1716462000000,0.1369600,0.1379000,0.1369200,0.1377500,839195,1716462179999,115433.7407600,1064,663985,91343.4129300,0
1716462180000,0.1377500,0.1378200,0.1374800,0.1378200,331450,1716462359999,45635.0850700,410,138563,19084.7977800,0
1716462360000,0.1378400,0.1383800,0.1378400,0.1382800,609655,1716462539999,84271.9207200,894,430554,59517.1991400,0
1716462540000,0.1382600,0.1385700,0.1380300,0.1381500,494246,1716462719999,68367.8266300,530,263671,36490.9483400,0
1716462720000,0.1381300,0.1383300,0.1378500,0.1382200,244952,1716462899999,33806.4840200,368,60603,8370.3240200,0
1716462900000,0.1381700,0.1382500,0.1378000,0.1381400,256762,1716463079999,35429.7493200,443,144490,19939.4639500,0
1716463080000,0.1381400,0.1386700,0.1379300,0.1386700,520581,1716463259999,72027.3357900,610,363817,50341.7550100,0
1716463260000,0.1386600,0.1390700,0.1384800,0.1390300,533291,1716463439999,74017.0637300,899,249667,34651.0757100,0
1716463440000,0.1389800,0.1390200,0.1386300,0.1387600,637554,1716463619999,88477.0421000,643,161182,22371.3934400,0
1716463620000,0.1387500,0.1389900,0.1387400,0.1389500,229856,1716463799999,31921.6117900,323,122080,16957.5292600,0
1716463800000,0.1389600,0.1392500,0.1388100,0.1392400,654582,1716463979999,91027.1636400,808,375197,52182.8109300,0
1716463980000,0.1392100,0.1395200,0.1389100,0.1391800,727243,1716464159999,101260.5314500,715,306793,42724.2104700,0
1716464160000,0.1391800,0.1399200,0.1389400,0.1398000,778263,1716464339999,108660.4011800,825,516226,72092.8855100,0
1716464340000,0.1397900,0.1400800,0.1396700,0.1400700,352062,1716464519999,49244.5980900,565,138816,19423.8766800,0
1716464520000,0.1400700,0.1401100,0.1396700,0.1397800,954961,1716464699999,133557.4281900,645,164648,23029.3651100,0
1716464700000,0.1397900,0.1399900,0.1396500,0.1398400,438173,1716464879999,61257.7729900,536,308141,43082.5328800,0
1716464880000,0.1398500,0.1401800,0.1397300,0.1401200,452449,1716465059999,63331.2838000,513,279877,39182.8088400,0
1716465060000,0.1401200,0.1412000,0.1400800,0.1411500,744653,1716465239999,104651.5058200,1258,497181,69897.7351900,0
1716465240000,0.1411700,0.1413500,0.1405800,0.1410400,1396510,1716465419999,196906.5903100,1716,478529,67487.6053600,0
1716465420000,0.1410500,0.1415400,0.1410400,0.1414100,648739,1716465599999,91700.0619700,983,305183,43143.3733300,0
1716465600000,0.1413900,0.1418900,0.1411900,0.1417900,1129536,1716465779999,159895.9942000,1288,554329,78487.1911500,0
1716465780000,0.1418100,0.1423000,0.1407600,0.1412300,2321807,1716465959999,328745.7146000,2176,986673,139767.6999300,0
1716465960000,0.1412400,0.1427900,0.1411500,0.1427300,1317355,1716466139999,187011.3096900,1784,724654,102918.1049300,0
1716466140000,0.1426800,0.1430000,0.1416200,0.1419800,3105311,1716466319999,441882.5952500,2566,1219222,173525.9590700,0
1716466320000,0.1419600,0.1422800,0.1413500,0.1414200,2397962,1716466499999,340095.3038000,1873,1076685,152803.7819600,0
1716466500000,0.1414300,0.1417400,0.1411200,0.1412400,1017655,1716466679999,143897.2876800,1141,478812,67729.1456900,0
1716466680000,0.1412400,0.1416400,0.1410300,0.1416400,1159717,1716466859999,163851.4746500,1105,653230,92311.0642000,0
1716466860000,0.1416400,0.1424500,0.1415800,0.1421800,899517,1716467039999,127655.7418800,1191,503716,71504.2745600,0
1716467040000,0.1422200,0.1423100,0.1419200,0.1419500,744934,1716467219999,105824.4613600,955,291321,41387.9718700,0
1716467220000,0.1419700,0.1426600,0.1414800,0.1425200,716644,1716467399999,101735.4571300,1115,297995,42321.2454400,0
1716467400000,0.1425800,0.1425800,0.1416000,0.1421200,2400180,1716467579999,340879.5652400,1554,785811,111562.4387000,0
1716467580000,0.1421500,0.1428000,0.1419000,0.1425700,1185533,1716467759999,168839.6912300,1633,720808,102704.2184600,0
1716467760000,0.1425700,0.1428300,0.1422200,0.1427300,806937,1716467939999,114991.5038200,1062,487689,69510.1292900,0
1716467940000,0.1427400,0.1443000,0.1427400,0.1435800,3067615,1716468119999,440455.6646300,3551,1697902,243706.1864800,0
1716468120000,0.1435700,0.1436200,0.1420900,0.1422200,1638543,1716468299999,233922.1358700,1753,458631,65488.7798300,0
1716468300000,0.1421800,0.1425500,0.1415800,0.1418600,950271,1716468479999,135032.4233300,1356,480149,68225.7015500,0
1716468480000,0.1419200,0.1422700,0.1418300,0.1421300,499183,1716468659999,70904.9014300,599,245687,34904.4878700,0
1716468660000,0.1421300,0.1423400,0.1418400,0.1418400,658464,1716468839999,93512.7355600,773,182951,25997.3840700,0
1716468840000,0.1418500,0.1418500,0.1366600,0.1385900,8500242,1716469019999,1181784.7903200,6256,2967159,412068.3070500,0
1716469020000,0.1385800,0.1395900,0.1371000,0.1394000,6328107,1716469199999,875223.8999000,6723,3349475,463515.9841800,0
1716469200000,0.1393700,0.1405900,0.1374800,0.1383900,4759250,1716469379999,660970.8951100,5373,2547544,353727.1318000,0
1716469380000,0.1383400,0.1390600,0.1375200,0.1378300,2903267,1716469559999,401679.3899000,2683,1077048,149063.6807100,0
1716469560000,0.1378500,0.1387300,0.1377700,0.1383000,1761741,1716469739999,243598.8736500,2172,1038934,143643.2649100,0
1716469740000,0.1382300,0.1383700,0.1375600,0.1383700,1532945,1716469919999,211500.9573200,1984,835636,115319.9715200,0
1716469920000,0.1383600,0.1383600,0.1370000,0.1376600,1358485,1716470099999,187025.2949000,1585,495995,68265.0127600,0
1716470100000,0.1376700,0.1379200,0.1370600,0.1373300,1077726,1716470279999,148058.2683100,1284,613745,84333.7987200,0
1716470280000,0.1373400,0.1373400,0.1355700,0.1359900,5576609,1716470459999,760044.1328500,4672,1811142,247002.0933900,0
1716470460000,0.1360300,0.1367900,0.1359900,0.1367200,1516348,1716470639999,206766.6444800,1886,1005655,137133.9387400,0
1716470640000,0.1367400,0.1373900,0.1367000,0.1370900,676761,1716470819999,92799.6138600,1158,374614,51382.3628200,0
1716470820000,0.1370900,0.1372100,0.1367500,0.1372100,627825,1716470999999,86044.9319500,1057,417114,57185.7447900,0
1716471000000,0.1372000,0.1377700,0.1366000,0.1366400,1615459,1716471179999,221698.9687500,1526,758463,104157.0033300,0
1716471180000,0.1366500,0.1369100,0.1361300,0.1363700,1061312,1716471359999,144878.8739900,1463,543335,74211.2078000,0
1716471360000,0.1363100,0.1363100,0.1353500,0.1358200,1851982,1716471539999,251579.9150500,2083,811903,110330.1949500,0
1716471540000,0.1358300,0.1358300,0.1344000,0.1350400,4435801,1716471719999,598690.0034100,4098,1197441,161742.7685600,0
1716471720000,0.1350400,0.1352400,0.1339200,0.1350400,5049895,1716471899999,679023.2890900,4678,2231796,300282.7426200,0
1716471900000,0.1350800,0.1350800,0.1336600,0.1341700,5748308,1716472079999,771941.5185200,3396,1990167,267201.9305300,0
1716472080000,0.1341200,0.1348100,0.1297300,0.1315400,10686274,1716472259999,1412609.0899200,7688,3991839,529433.6399500,0
1716472260000,0.1314900,0.1333300,0.1306200,0.1329200,12615195,1716472439999,1668697.9585600,8905,6570642,869156.6396700,0
1716472440000,0.1328800,0.1330200,0.1311600,0.1317100,5040553,1716472619999,664963.6208400,4439,2009241,265226.9683900,0
1716472620000,0.1316900,0.1329800,0.1315100,0.1322700,2309710,1716472799999,305800.6771600,2420,1321806,175040.1555300,0
1716472800000,0.1322400,0.1327800,0.1317600,0.1325600,2324010,1716472979999,307392.3697400,2714,1002674,132673.0528800,0
1716472980000,0.1325500,0.1330800,0.1322200,0.1329300,1961451,1716473159999,260069.2535900,2082,1053047,139665.9908200,0
1716473160000,0.1329500,0.1329700,0.1316900,0.1324200,1588428,1716473339999,210197.9223000,1776,693150,91754.0488700,0
1716473340000,0.1324500,0.1332000,0.1321900,0.1330800,1685904,1716473519999,223840.7224100,1651,1071309,142315.9799300,0
1716473520000,0.1330800,0.1339300,0.1329000,0.1339300,2724139,1716473699999,363125.1641000,1738,1979367,263913.9584800,0
1716473700000,0.1339200,0.1340200,0.1332200,0.1332900,1660591,1716473879999,221922.3931700,1830,752970,100660.9279100,0
1716473880000,0.1333000,0.1335400,0.1328300,0.1331700,876147,1716474059999,116600.9178300,995,402030,53514.0558700,0
1716474060000,0.1331500,0.1334100,0.1330000,0.1331700,642922,1716474239999,85617.1700700,727,342897,45672.0103600,0
1716474240000,0.1332100,0.1335700,0.1330000,0.1333600,393852,1716474419999,52504.2286700,796,205691,27426.6782700,0
1716474420000,0.1333600,0.1341200,0.1333400,0.1337100,772711,1716474599999,103398.3172000,948,370263,49548.5850500,0
1716474600000,0.1337400,0.1342700,0.1335500,0.1339400,829327,1716474779999,111096.8969800,883,543738,72842.4935000,0
1716474780000,0.1339400,0.1341900,0.1334900,0.1335600,617280,1716474959999,82649.9467000,720,277916,37225.6453700,0
1716474960000,0.1335400,0.1335800,0.1327200,0.1328100,934456,1716475139999,124376.8197300,1048,241057,32096.4089300,0
1716475140000,0.1328000,0.1331600,0.1326000,0.1328000,430909,1716475319999,57259.7706600,678,221074,29383.6516600,0
1716475320000,0.1328000,0.1328600,0.1322700,0.1325600,672973,1716475499999,89219.1815200,780,316796,42014.1792200,0
1716475500000,0.1325600,0.1326200,0.1321000,0.1322100,704395,1716475679999,93188.3564500,766,306390,40536.2269000,0
1716475680000,0.1322300,0.1326600,0.1317500,0.1325800,1225698,1716475859999,162046.6428700,1207,662683,87642.0815500,0
1716475860000,0.1326100,0.1328800,0.1317200,0.1319000,830633,1716476039999,109935.0367100,1053,360724,47765.4565200,0
1716476040000,0.1319300,0.1321600,0.1312500,0.1315200,949401,1716476219999,124960.2391800,867,303827,40007.7903300,0
1716476220000,0.1314800,0.1317400,0.1312300,0.1316600,653092,1716476399999,85860.3116000,598,354432,46607.0854200,0
1716476400000,0.1316700,0.1320300,0.1312700,0.1317000,1993190,1716476579999,262408.9924300,1612,1175760,154790.5487500,0
1716476580000,0.1316600,0.1324600,0.1316600,0.1320100,1022861,1716476759999,135112.2112700,1066,607930,80294.0947700,0
1716476760000,0.1320200,0.1328500,0.1319400,0.1325900,893587,1716476939999,118305.5445000,956,516791,68435.5962500,0
1716476940000,0.1325900,0.1331100,0.1323000,0.1331100,1206926,1716477119999,160206.5816700,1014,726049,96426.3442100,0
1716477120000,0.1330900,0.1335800,0.1330000,0.1335300,937834,1716477299999,125027.0550400,947,516906,68923.3795700,0
1716477300000,0.1334900,0.1339300,0.1333300,0.1336400,809194,1716477479999,108140.8792900,694,380214,50806.6212100,0
1716477480000,0.1336500,0.1342500,0.1336100,0.1340200,962308,1716477659999,129007.5950400,962,610930,81900.5564700,0
1716477660000,0.1340200,0.1344200,0.1338000,0.1338000,982226,1716477839999,131724.9190000,794,376441,50495.4729300,0
1716477840000,0.1337900,0.1338000,0.1330400,0.1333900,2736374,1716478019999,364983.1407900,1668,1413384,188476.5269800,0
1716478020000,0.1333400,0.1335300,0.1331600,0.1333700,470451,1716478199999,62732.0669000,535,180721,24100.9229600,0
1716478200000,0.1333700,0.1336600,0.1330300,0.1335300,1031543,1716478379999,137476.2855000,987,324700,43296.2583000,0
1716478380000,0.1335500,0.1338600,0.1333300,0.1334200,809690,1716478559999,108247.3459400,708,444260,59408.6144300,0
1716478560000,0.1334300,0.1337500,0.1332300,0.1336500,299573,1716478739999,40016.9128600,370,215686,28810.6675800,0
1716478740000,0.1336300,0.1336300,0.1331800,0.1332000,235089,1716478919999,31360.3048300,277,83956,11199.2342800,0
1716478920000,0.1331800,0.1331900,0.1327100,0.1327600,278805,1716479099999,37064.2191200,451,106303,14134.1423600,0
1716479100000,0.1327300,0.1328500,0.1322000,0.1324000,530724,1716479279999,70294.8590500,691,202511,26820.7003700,0
1716479280000,0.1324300,0.1324800,0.1319900,0.1323200,368986,1716479459999,48767.5563300,419,152020,20093.4124300,0
1716479460000,0.1323400,0.1327200,0.1323000,0.1323600,552917,1716479639999,73274.3813300,478,421259,55826.2857200,0
1716479640000,0.1323700,0.1328500,0.1322600,0.1327300,219073,1716479819999,29031.8004000,291,116877,15492.2861800,0
1716479820000,0.1327300,0.1330900,0.1326900,0.1329300,256517,1716479999999,34093.5610600,288,175999,23389.1358700,0
1716480000000,0.1328900,0.1331200,0.1325200,0.1327800,474098,1716480179999,62998.7742800,771,223684,29728.2158200,0
1716480180000,0.1327900,0.1331000,0.1327900,0.1328800,266322,1716480359999,35405.5220400,338,186368,24777.0233400,0
1716480360000,0.1328800,0.1332200,0.1327200,0.1332000,456364,1716480539999,60685.4324200,500,255517,33983.3485900,0
1716480540000,0.1331700,0.1337400,0.1331700,0.1331900,795054,1716480719999,106122.7038700,869,423385,56516.2970800,0
1716480720000,0.1331900,0.1331900,0.1324000,0.1327100,950770,1716480899999,126129.4143900,985,352186,46718.0437800,0
1716480900000,0.1326700,0.1328200,0.1323800,0.1328000,613323,1716481079999,81305.3513300,665,324990,43089.1473100,0
1716481080000,0.1328200,0.1328300,0.1321300,0.1323200,441419,1716481259999,58453.1979100,528,179726,23802.5657600,0
1716481260000,0.1323500,0.1324700,0.1320800,0.1320900,406872,1716481439999,53802.1812200,474,150019,19841.9677900,0
1716481440000,0.1320800,0.1325800,0.1318200,0.1325300,817933,1716481619999,108081.4299300,766,407852,53925.5309600,0
1716481620000,0.1325100,0.1326000,0.1320800,0.1322100,728101,1716481799999,96353.3207400,467,395547,52354.9678700,0
1716481800000,0.1322200,0.1325400,0.1320900,0.1325300,167770,1716481979999,22186.7077700,281,90485,11967.3189200,0
1716481980000,0.1325200,0.1337200,0.1324500,0.1336200,2313673,1716482159999,308588.5475200,1309,1173816,156451.4937100,0
1716482160000,0.1336000,0.1338600,0.1332600,0.1333800,770666,1716482339999,102865.3972100,674,471955,62993.5689600,0
1716482340000,0.1334000,0.1335000,0.1329300,0.1331000,426624,1716482519999,56800.7955500,470,241608,32165.7448700,0
1716482520000,0.1331100,0.1333500,0.1328500,0.1330800,239528,1716482699999,31878.1013700,304,175108,23305.0771300,0
1716482700000,0.1331100,0.1332400,0.1324500,0.1325800,873327,1716482879999,116122.9383200,676,352497,46877.6981500,0
1716482880000,0.1325100,0.1325500,0.1320300,0.1325300,684466,1716483059999,90521.9749300,826,330207,43675.5276800,0
1716483060000,0.1324600,0.1326000,0.1321500,0.1322300,194537,1716483239999,25734.3429100,252,115859,15330.0904600,0
1716483240000,0.1321500,0.1324600,0.1318500,0.1322300,1871438,1716483419999,247191.8866100,1040,809870,106948.9201900,0
1716483420000,0.1322300,0.1327400,0.1321200,0.1326600,404235,1716483599999,53563.7336500,491,278017,36844.6760400,0
1716483600000,0.1326800,0.1330400,0.1325600,0.1327500,680624,1716483779999,90401.2786800,945,351518,46702.5091200,0
1716483780000,0.1327500,0.1328900,0.1323300,0.1328100,305173,1716483959999,40451.7270100,352,180853,23975.1955900,0
1716483960000,0.1327900,0.1330500,0.1327500,0.1328300,271020,1716484139999,36017.4090100,350,146974,19531.2144100,0
1716484140000,0.1328200,0.1330400,0.1324600,0.1324900,262350,1716484319999,34833.3608400,306,78089,10364.2428700,0
1716484320000,0.1325200,0.1331600,0.1325200,0.1329700,1006035,1716484499999,133690.8792400,709,710348,94397.3534500,0
1716484500000,0.1329800,0.1331500,0.1327400,0.1328500,335135,1716484679999,44540.5578600,325,191839,25496.0072100,0
1716484680000,0.1328700,0.1333200,0.1325400,0.1326200,385058,1716484859999,51206.2035700,469,172661,22966.3347200,0
1716484860000,0.1325400,0.1328100,0.1324900,0.1327100,142345,1716485039999,18876.3804100,225,60497,8023.8861300,0
1716485040000,0.1327200,0.1329400,0.1327000,0.1328000,245464,1716485219999,32608.1676500,270,109678,14570.8289200,0
1716485220000,0.1328000,0.1328600,0.1326100,0.1327500,273926,1716485399999,36356.6635300,240,82887,11002.5745100,0
1716485400000,0.1327300,0.1328100,0.1323600,0.1324200,174332,1716485579999,23108.8832000,233,63347,8396.6888500,0
1716485580000,0.1324700,0.1326300,0.1322900,0.1323900,244475,1716485759999,32383.5237400,280,127591,16902.5149100,0
1716485760000,0.1324000,0.1326100,0.1321300,0.1321800,309447,1716485939999,40936.5094600,418,126457,16732.9320500,0
1716485940000,0.1322200,0.1323300,0.1319500,0.1319500,228258,1716486119999,30161.0314400,267,64098,8473.5742000,0
1716486120000,0.1319400,0.1320700,0.1318300,0.1320400,201841,1716486299999,26636.8719300,212,140485,18541.7664300,0
1716486300000,0.1320800,0.1322000,0.1316900,0.1317600,797020,1716486479999,105099.4116200,750,263645,34785.0772800,0
1716486480000,0.1317500,0.1317500,0.1314000,0.1316800,651336,1716486659999,85709.7266000,539,268244,35303.4248500,0
1716486660000,0.1316600,0.1316600,0.1307000,0.1309500,1421309,1716486839999,186181.0828600,1296,490811,64292.2724900,0
1716486840000,0.1310000,0.1311900,0.1305800,0.1308200,1532317,1716487019999,200580.0990900,1270,598792,78407.7030900,0
1716487020000,0.1308200,0.1311000,0.1307800,0.1308700,693741,1716487199999,90849.7358100,578,291143,38133.0391600,0
1716487200000,0.1308700,0.1309300,0.1303800,0.1308000,833879,1716487379999,108947.4778100,1119,353985,46258.8941500,0
1716487380000,0.1307800,0.1312800,0.1295200,0.1298800,1954862,1716487559999,254684.0065500,1553,680576,88905.4959600,0
1716487560000,0.1298600,0.1309900,0.1293000,0.1304800,2670788,1716487739999,347106.3884500,2303,1342632,174579.4280800,0
1716487740000,0.1305100,0.1305400,0.1290000,0.1292100,2049542,1716487919999,265485.5554600,2178,752778,97569.9183300,0
1716487920000,0.1291800,0.1303400,0.1291700,0.1300200,1947227,1716488099999,252329.9214800,1846,1243352,161141.3437000,0
1716488100000,0.1300200,0.1303000,0.1291300,0.1292400,1524713,1716488279999,197828.8617700,1684,434866,56415.9683800,0
1716488280000,0.1291800,0.1295800,0.1284300,0.1287500,2344419,1716488459999,302157.6961800,2068,963793,124282.7685600,0
1716488460000,0.1287300,0.1288300,0.1277000,0.1278400,2587415,1716488639999,331887.0129700,2203,849623,109046.0726600,0
1716488640000,0.1278400,0.1293000,0.1277300,0.1291600,3683514,1716488819999,474142.5287100,2410,1952532,251391.8648600,0
1716488820000,0.1291600,0.1292600,0.1284300,0.1286100,1144303,1716488999999,147457.2854900,950,465891,60061.3562400,0
1716489000000,0.1285800,0.1291100,0.1285700,0.1289700,880365,1716489179999,113408.1314100,785,473126,60960.0493200,0
1716489180000,0.1289700,0.1292700,0.1287800,0.1290200,867435,1716489359999,111974.8914100,858,534354,68994.5073600,0
1716489360000,0.1290000,0.1296000,0.1287300,0.1295200,600716,1716489539999,77506.0765200,602,361602,46675.7564700,0
1716489540000,0.1295100,0.1303600,0.1294600,0.1296600,1438017,1716489719999,186908.4695700,1442,703407,91411.5697800,0
1716489720000,0.1296800,0.1297200,0.1290200,0.1293300,491660,1716489899999,63637.1220300,596,280005,36251.8431200,0
1716489900000,0.1293500,0.1296200,0.1291900,0.1294200,419525,1716490079999,54279.6921000,441,234398,30334.6620300,0
1716490080000,0.1294200,0.1301000,0.1292900,0.1300800,431506,1716490259999,55944.8944900,473,263026,34111.5867900,0
1716490260000,0.1300500,0.1303200,0.1295400,0.1298600,931208,1716490439999,121031.0429100,823,505167,65668.3122100,0
1716490440000,0.1298000,0.1302200,0.1296400,0.1300500,515795,1716490619999,67039.1808300,537,297466,38664.0948100,0
1716490620000,0.1300300,0.1302800,0.1299100,0.1301700,318074,1716490799999,41392.1210000,504,174074,22655.6354600,0
1716490800000,0.1301400,0.1307900,0.1299500,0.1307200,972017,1716490979999,126828.5457800,1151,646380,84348.4315400,0
1716490980000,0.1307300,0.1307300,0.1298700,0.1299000,322608,1716491159999,42021.0185800,468,99417,12945.1765100,0
1716491160000,0.1299000,0.1299300,0.1295300,0.1297300,555197,1716491339999,72007.6442100,534,149893,19438.8036000,0
1716491340000,0.1297100,0.1299100,0.1294600,0.1298400,515001,1716491519999,66770.9290200,329,346525,44934.5617500,0
1716491520000,0.1298600,0.1298600,0.1292200,0.1293200,422941,1716491699999,54778.0621900,410,117113,15169.3656000,0
1716491700000,0.1293100,0.1297000,0.1287800,0.1297000,538970,1716491879999,69596.2503800,691,223463,28877.1342900,0
1716491880000,0.1297100,0.1299100,0.1291300,0.1291500,326018,1716492059999,42261.1354800,396,138754,17996.7438100,0
1716492060000,0.1291700,0.1292500,0.1289700,0.1290900,140989,1716492239999,18201.9574300,311,57092,7371.8236400,0
1716492240000,0.1291100,0.1293400,0.1291000,0.1292500,134274,1716492419999,17351.2600500,205,87479,11303.5958900,0
1716492420000,0.1292300,0.1300300,0.1292300,0.1299300,354494,1716492599999,46006.1548500,494,246638,32004.3166200,0
1716492600000,0.1299500,0.1300600,0.1294500,0.1299400,220767,1716492779999,28642.5140100,404,84707,10990.5927500,0
1716492780000,0.1299500,0.1306600,0.1299500,0.1306200,771711,1716492959999,100593.8065500,792,434690,56664.5974100,0
1716492960000,0.1306400,0.1308900,0.1299600,0.1303100,799403,1716493139999,104251.0311300,773,417799,54511.2253200,0
1716493140000,0.1303100,0.1305500,0.1300000,0.1304400,601705,1716493319999,78372.0043100,464,296971,38672.5413500,0
1716493320000,0.1304200,0.1304700,0.1300200,0.1300800,291950,1716493499999,38018.0917900,294,116730,15202.3656700,0
1716493500000,0.1300600,0.1301000,0.1293500,0.1293900,1208991,1716493679999,156835.4505000,1032,479280,62139.2532800,0
1716493680000,0.1294200,0.1295900,0.1290400,0.1291400,735751,1716493859999,95195.2885300,712,347010,44910.4007500,0
1716493860000,0.1291200,0.1291800,0.1287700,0.1290000,341199,1716494039999,43991.5616000,484,152362,19651.7781100,0
1716494040000,0.1290900,0.1293600,0.1289200,0.1292100,383181,1716494219999,49502.3215600,329,217386,28087.9698500,0
1716494220000,0.1291800,0.1294800,0.1290800,0.1294200,420367,1716494399999,54344.7489600,334,227026,29356.5619200,0
1716494400000,0.1294300,0.1294300,0.1230800,0.1250400,20104638,1716494579999,2522174.7591300,14766,6828074,854999.7131900,0
1716494580000,0.1250500,0.1251500,0.1238100,0.1246100,6036868,1716494759999,751796.5173200,6240,3098249,385870.0625500,0
1716494760000,0.1246200,0.1249900,0.1230000,0.1245200,4921535,1716494939999,610328.1639400,5311,2331250,289159.0797800,0
1716494940000,0.1245200,0.1256700,0.1244600,0.1256100,3776984,1716495119999,472538.2639100,3404,2245929,281089.9987800,0
1716495120000,0.1256100,0.1260100,0.1251300,0.1254200,2116735,1716495299999,265608.8308300,1817,1052322,132081.3360700,0
1716495300000,0.1253900,0.1281600,0.1252800,0.1273200,4078157,1716495479999,517523.0287900,3384,2145274,271964.8323000,0
1716495480000,0.1273000,0.1281200,0.1271600,0.1275400,1820805,1716495659999,232519.8148300,1903,873965,111635.4710900,0
1716495660000,0.1275300,0.1277900,0.1269800,0.1270500,1810843,1716495839999,230818.6936700,1518,864958,110313.9370800,0
1716495840000,0.1269900,0.1278000,0.1269400,0.1272700,902156,1716496019999,115005.3387000,975,484879,61826.2546100,0
1716496020000,0.1272700,0.1282500,0.1272500,0.1277400,1175245,1716496199999,150355.0756200,1106,778721,99630.7925300,0
1716496200000,0.1277000,0.1280300,0.1273400,0.1279300,1018979,1716496379999,130127.2068700,952,705126,90067.2429300,0
1716496380000,0.1279300,0.1286900,0.1278000,0.1286900,797536,1716496559999,102288.4982500,1017,472280,60598.7607200,0
1716496560000,0.1286600,0.1289900,0.1279000,0.1281800,932067,1716496739999,119651.6835600,1159,428125,54937.5914500,0
1716496740000,0.1281400,0.1284100,0.1276500,0.1279700,1350351,1716496919999,172817.3729600,1131,543207,69576.0251900,0
1716496920000,0.1279600,0.1282600,0.1276800,0.1281100,421590,1716497099999,53917.6860800,615,190043,24314.0829500,0
1716497100000,0.1280900,0.1284600,0.1278800,0.1282700,802665,1716497279999,102905.9379400,841,609729,78181.5036400,0
1716497280000,0.1281600,0.1284600,0.1278200,0.1283000,354776,1716497459999,45461.7913500,479,192521,24677.2577200,0
1716497460000,0.1282600,0.1284000,0.1277700,0.1283800,572000,1716497639999,73279.0860500,590,352226,45126.0296000,0
1716497640000,0.1283000,0.1288100,0.1282700,0.1287100,1120180,1716497819999,144031.5640600,747,552832,71079.5020200,0
1716497820000,0.1287000,0.1289400,0.1284600,0.1285300,631810,1716497999999,81296.5816000,628,326817,42073.5241900,0
1716498000000,0.1285200,0.1297900,0.1280300,0.1296500,4232010,1716498179999,546806.9785100,3588,2070479,267482.7476000,0
1716498180000,0.1296500,0.1314000,0.1294300,0.1309800,5344592,1716498359999,695538.3442100,5413,2829315,368249.2635400,0
1716498360000,0.1309700,0.1317300,0.1304400,0.1315500,3121145,1716498539999,408881.0900600,3598,1548297,202867.3899600,0
1716498540000,0.1315300,0.1328700,0.1314800,0.1318900,3395088,1716498719999,448785.0364900,3556,1649128,218012.9355900,0
1716498720000,0.1319400,0.1325600,0.1307700,0.1307800,2260203,1716498899999,297559.9810500,2603,1004210,132293.8132200,0
1716498900000,0.1307700,0.1308500,0.1285400,0.1299600,6029762,1716499079999,782425.9927500,5579,2769801,359521.3140000,0
1716499080000,0.1299600,0.1308600,0.1283500,0.1295500,6518502,1716499259999,845132.0163000,4592,2541324,329933.6498600,0
1716499260000,0.1295600,0.1305400,0.1291000,0.1304400,2155114,1716499439999,280113.5833900,1992,1249862,162540.8750900,0
1716499440000,0.1304500,0.1306800,0.1294800,0.1305200,2412069,1716499619999,314521.3741800,1677,1044170,136143.8619500,0
1716499620000,0.1305400,0.1305700,0.1297100,0.1302700,988004,1716499799999,128509.7293700,1135,559763,72789.1435800,0
1716499800000,0.1302600,0.1312200,0.1301800,0.1311800,1043311,1716499979999,136251.3048600,1130,600313,78414.6178300,0
1716499980000,0.1311600,0.1327800,0.1311400,0.1325700,1596264,1716500159999,210787.6110900,1716,906651,119727.1977400,0
1716500160000,0.1325700,0.1325700,0.1316900,0.1317700,620686,1716500339999,82022.5485500,785,243045,32114.1412400,0
1716500340000,0.1318400,0.1323100,0.1314600,0.1322700,467427,1716500519999,61649.1622800,667,291767,38487.6557200,0
1716500520000,0.1322900,0.1329100,0.1322600,0.1328600,525584,1716500699999,69658.3652300,628,193677,25679.2779100,0
1716500700000,0.1329200,0.1331600,0.1327200,0.1327900,604503,1716500879999,80370.7625800,723,234133,31145.7264900,0
1716500880000,0.1327500,0.1329400,0.1319600,0.1322800,837646,1716501059999,110909.1112900,1089,179045,23719.1082600,0
1716501060000,0.1322800,0.1326200,0.1321000,0.1321600,598802,1716501239999,79214.0826700,482,287340,38016.1746300,0
1716501240000,0.1322200,0.1330300,0.1322100,0.1329300,378489,1716501419999,50289.6636800,461,182756,24279.8142800,0
1716501420000,0.1329400,0.1333800,0.1329400,0.1333400,500943,1716501599999,66690.4924100,643,364524,48531.6194900,0
1716501600000,0.1333800,0.1333800,0.1325500,0.1325600,671609,1716501779999,89317.4754200,896,239894,31890.5262700,0
1716501780000,0.1325600,0.1330300,0.1324300,0.1324600,621761,1716501959999,82513.9294600,758,315651,41885.5588800,0
1716501960000,0.1324300,0.1332100,0.1322000,0.1331400,688553,1716502139999,91329.9341600,930,385053,51101.6008600,0
1716502140000,0.1331400,0.1333600,0.1327200,0.1333600,749848,1716502319999,99749.6242700,868,448162,59627.2824000,0
1716502320000,0.1333700,0.1335300,0.1330200,0.1330200,617560,1716502499999,82341.2073400,673,343127,45749.3349300,0
1716502500000,0.1331000,0.1332000,0.1324200,0.1326500,520593,1716502679999,69175.2575600,852,226285,30072.2561300,0
1716502680000,0.1326200,0.1330400,0.1324200,0.1327200,407543,1716502859999,54101.2596100,672,192880,25610.4071700,0
1716502860000,0.1326400,0.1326400,0.1321200,0.1321700,468429,1716503039999,62007.9899600,687,231188,30609.6435300,0
1716503040000,0.1321800,0.1323900,0.1312200,0.1313800,1069371,1716503219999,140811.6092400,1140,278490,36681.9247000,0
1716503220000,0.1313700,0.1316000,0.1312500,0.1314000,362879,1716503399999,47689.7772400,497,218266,28688.4874300,0
1716503400000,0.1314300,0.1317200,0.1313200,0.1317000,1093476,1716503579999,143818.9552100,668,440219,57912.1930100,0
1716503580000,0.1317300,0.1321900,0.1317300,0.1320300,557485,1716503759999,73595.3320100,587,338334,44656.5715000,0
1716503760000,0.1320300,0.1322700,0.1313000,0.1313900,468759,1716503939999,61754.6172600,677,182333,24023.5305200,0
1716503940000,0.1313900,0.1316300,0.1313500,0.1314500,346773,1716504119999,45598.6896300,357,217359,28585.8047200,0
1716504120000,0.1314600,0.1317400,0.1313900,0.1315900,230127,1716504299999,30269.6033600,307,124226,16344.1012700,0
1716504300000,0.1316000,0.1318800,0.1313600,0.1313600,223753,1716504479999,29460.9847000,342,114012,15015.4584600,0
1716504480000,0.1313600,0.1316700,0.1312500,0.1316700,310976,1716504659999,40861.6034200,417,103418,13595.1798700,0
1716504660000,0.1316100,0.1318700,0.1314500,0.1318000,287158,1716504839999,37821.2384600,372,208725,27495.1975500,0
1716504840000,0.1318200,0.1319300,0.1316400,0.1317400,191255,1716505019999,25207.4528600,247,74121,9772.8080100,0
1716505020000,0.1317200,0.1318400,0.1315100,0.1317700,155053,1716505199999,20418.5275200,238,103052,13571.3709500,0
1716505200000,0.1317800,0.1318500,0.1315500,0.1316300,243219,1716505379999,32017.9695500,324,121032,15933.3288800,0
1716505380000,0.1316300,0.1317500,0.1313400,0.1316100,194988,1716505559999,25646.5680500,279,127783,16807.1636600,0
1716505560000,0.1316300,0.1316700,0.1314000,0.1314000,214352,1716505739999,28196.5139900,297,102131,13437.6087400,0
1716505740000,0.1314100,0.1314500,0.1309800,0.1310500,396951,1716505919999,52068.7811000,474,166795,21884.0611000,0
1716505920000,0.1310500,0.1310700,0.1305900,0.1307400,516533,1716506099999,67557.0720200,601,208666,27287.4656100,0
1716506100000,0.1307100,0.1311400,0.1305800,0.1310600,416449,1716506279999,54511.3474100,412,276272,36167.3026300,0
1716506280000,0.1310900,0.1310900,0.1305300,0.1309600,158518,1716506459999,20745.6674200,258,86562,11329.4882700,0
1716506460000,0.1309500,0.1311600,0.1308000,0.1311600,315242,1716506639999,41278.0774100,325,202390,26502.9367300,0
1716506640000,0.1311600,0.1312900,0.1309200,0.1312800,261346,1716506819999,34255.5768100,357,112633,14763.8485700,0
1716506820000,0.1312800,0.1313300,0.1310600,0.1311100,164896,1716506999999,21634.1810400,232,91558,12013.8320200,0
1716507000000,0.1311300,0.1311800,0.1307700,0.1307800,359552,1716507179999,47097.2505500,415,166407,21803.9342800,0
1716507180000,0.1308200,0.1314400,0.1308200,0.1311500,351813,1716507359999,46173.4670700,407,220731,28966.0681000,0
1716507360000,0.1311400,0.1314100,0.1309000,0.1311100,1531900,1716507539999,201109.2986200,863,846891,111175.3820700,0
1716507540000,0.1310600,0.1313000,0.1307600,0.1313000,288539,1716507719999,37791.4433100,398,185507,24305.5726300,0
1716507720000,0.1312900,0.1312900,0.1309100,0.1309500,159192,1716507899999,20863.6634200,285,47140,6180.4595500,0
1716507900000,0.1309500,0.1309500,0.1307000,0.1309200,283872,1716508079999,37128.0801300,304,126338,16523.5406100,0
1716508080000,0.1309500,0.1311900,0.1307100,0.1310100,774764,1716508259999,101424.9090800,479,172007,22526.0609800,0
1716508260000,0.1309900,0.1313100,0.1309800,0.1310800,212604,1716508439999,27885.5427000,291,140707,18458.8618800,0
1716508440000,0.1310800,0.1311700,0.1308900,0.1311400,216817,1716508619999,28415.2141900,358,109536,14357.9736700,0
1716508620000,0.1311400,0.1313500,0.1310700,0.1313300,232723,1716508799999,30540.2849600,336,146464,19222.7360200,0
