open_time,open,high,low,close,volume,close_time,quote_volume,count,taker_buy_volume,taker_buy_quote_volume,ignore
1671321600000,0.0082960,0.0083270,0.0082920,0.0083040,5003154,1671321779999,41558.8786370,179,2649322,22010.5641330,0
1671321780000,0.0083040,0.0083040,0.0082700,0.0082770,3028716,1671321959999,25080.6612250,108,1304057,10795.0923540,0
1671321960000,0.0082760,0.0082810,0.0082620,0.0082660,2608592,1671322139999,21564.2959140,74,1176448,9723.2311890,0
1671322140000,0.0082670,0.0082790,0.0082670,0.0082690,1692771,1671322319999,14000.4000900,78,1042573,8621.8250260,0
1671322320000,0.0082680,0.0082680,0.0082560,0.0082660,1868595,1671322499999,15438.5336530,68,1167487,9645.1943320,0
1671322500000,0.0082660,0.0082810,0.0082660,0.0082770,1785207,1671322679999,14769.6613090,64,1255540,10386.1296670,0
1671322680000,0.0082760,0.0082940,0.0082760,0.0082930,764261,1671322859999,6331.7188280,31,599593,4966.3892320,0
1671322860000,0.0082930,0.0082930,0.0082700,0.0082720,2311925,1671323039999,19141.0103490,68,816610,6755.6244020,0
1671323040000,0.0082710,0.0082760,0.0082590,0.0082600,2111601,1671323219999,17452.6219970,68,1285585,10624.6039980,0
1671323220000,0.0082630,0.0082710,0.0082590,0.0082710,940636,1671323399999,7772.2839630,37,419839,3469.1068370,0
1671323400000,0.0082700,0.0082700,0.0082610,0.0082610,880884,1671323579999,7280.8728340,29,189818,1568.7558250,0
1671323580000,0.0082600,0.0082640,0.0082600,0.0082640,393225,1671323759999,3248.4036990,15,361941,2989.9978590,0
1671323760000,0.0082660,0.0082660,0.0082490,0.0082540,1345419,1671323939999,11105.8540120,48,309705,2555.9444960,0
1671323940000,0.0082590,0.0082670,0.0082580,0.0082640,775441,1671324119999,6406.2651880,35,634627,5242.6725850,0
1671324120000,0.0082640,0.0082640,0.0082570,0.0082570,939150,1671324299999,7758.9607390,25,776866,6418.2594480,0
1671324300000,0.0082580,0.0082620,0.0082570,0.0082620,1081097,1671324479999,8928.5253050,36,636662,5258.1288310,0
1671324480000,0.0082620,0.0082620,0.0082570,0.0082570,48759,1671324659999,402.7458540,9,7624,62.9696660,0
1671324660000,0.0082560,0.0082650,0.0082530,0.0082620,1052202,1671324839999,8689.4286410,41,714804,5903.6013430,0
1671324840000,0.0082610,0.0082650,0.0082610,0.0082650,85121,1671325019999,703.4000350,8,85121,703.4000350,0
1671325020000,0.0082680,0.0082680,0.0082640,0.0082640,268062,1671325199999,2215.6568650,17,131782,1089.1833100,0
1671325200000,0.0082640,0.0082640,0.0082290,0.0082290,3462430,1671325379999,28545.7310660,120,680300,5608.7117550,0
1671325380000,0.0082300,0.0082510,0.0082300,0.0082460,1717700,1671325559999,14155.0556850,51,1148240,9460.0620400,0
1671325560000,0.0082460,0.0082480,0.0082400,0.0082410,1923832,1671325739999,15856.9128040,46,361577,2979.8484430,0
1671325740000,0.0082420,0.0082430,0.0082350,0.0082370,1178721,1671325919999,9710.5788370,39,396666,3267.6114360,0
1671325920000,0.0082370,0.0082370,0.0082250,0.0082290,1478267,1671326099999,12166.5948970,54,534618,4398.9914800,0
1671326100000,0.0082300,0.0082340,0.0082220,0.0082340,2605571,1671326279999,21435.7467950,60,1664047,13689.5012160,0
1671326280000,0.0082330,0.0082350,0.0082230,0.0082240,2767423,1671326459999,22777.9165380,72,962993,7926.2440340,0
1671326460000,0.0082240,0.0082280,0.0082240,0.0082280,2096883,1671326639999,17248.0989340,46,1438420,11831.5431880,0
1671326640000,0.0082260,0.0082280,0.0082110,0.0082160,2292623,1671326819999,18846.0597870,73,313895,2581.0121290,0
1671326820000,0.0082150,0.0082230,0.0082140,0.0082170,3152499,1671326999999,25909.5536940,69,1699057,13964.8404000,0
1671327000000,0.0082180,0.0082400,0.0082150,0.0082270,2571557,1671327179999,21162.5955640,88,1785964,14697.6003820,0
1671327180000,0.0082270,0.0082350,0.0082250,0.0082250,1952771,1671327359999,16065.4073980,43,910831,7494.2827470,0
1671327360000,0.0082260,0.0082280,0.0081970,0.0082060,4163616,1671327539999,34193.1702970,126,963007,7904.8897710,0
1671327540000,0.0082080,0.0082560,0.0082040,0.0082470,10486599,1671327719999,86249.4405070,255,7125749,58613.9371180,0
1671327720000,0.0082440,0.0084290,0.0082420,0.0083690,54560226,1671327899999,456082.3937930,1550,25200425,210311.9779950,0
1671327900000,0.0083670,0.0086780,0.0083350,0.0085710,114677986,1671328079999,976977.8336870,3351,62112091,527860.3064780,0
1671328080000,0.0085660,0.0087500,0.0084990,0.0086320,103512965,1671328259999,895112.4985950,3119,52622341,455068.3254880,0
1671328260000,0.0086230,0.0088970,0.0085900,0.0088130,105255355,1671328439999,921917.4841130,3695,56311926,493460.6682210,0
1671328440000,0.0088160,0.0088200,0.0087210,0.0087440,63573732,1671328619999,557411.5801960,1896,26601886,233315.4886410,0
1671328620000,0.0087380,0.0087590,0.0086520,0.0087180,49364965,1671328799999,429654.5430140,1424,27833062,242274.3707850,0
1671328800000,0.0087220,0.0087770,0.0086360,0.0087000,74506219,1671328979999,647688.4441560,2097,39296761,341628.1678120,0
1671328980000,0.0086990,0.0088560,0.0086960,0.0087880,56356513,1671329159999,494532.3841140,1891,30526266,268030.7570250,0
1671329160000,0.0087860,0.0090000,0.0087840,0.0089880,117910904,1671329339999,1051305.5890520,3723,70013806,624355.4151570,0
1671329340000,0.0089890,0.0090030,0.0088660,0.0089300,45289257,1671329519999,404196.7315800,1417,22931745,204653.0912340,0
1671329520000,0.0089280,0.0090220,0.0088930,0.0089430,55884642,1671329699999,500316.6495980,1808,27259249,244077.3330150,0
1671329700000,0.0089420,0.0089610,0.0088680,0.0089570,56528910,1671329879999,503564.3467160,1631,30814641,274535.3163150,0
1671329880000,0.0089570,0.0089880,0.0088640,0.0088900,50826872,1671330059999,453557.8090870,1476,25419983,226979.9755610,0
1671330060000,0.0088890,0.0088990,0.0088640,0.0088690,18983338,1671330239999,168795.6687630,478,10860412,96602.7282230,0
1671330240000,0.0088690,0.0088700,0.0087800,0.0087960,52459169,1671330419999,462443.4778740,1587,19361651,170662.8211770,0
1671330420000,0.0088000,0.0088510,0.0087830,0.0088000,27434685,1671330599999,241791.6634310,636,12695989,111930.7898880,0
1671330600000,0.0087950,0.0088220,0.0087320,0.0087960,100360643,1671330779999,881153.7948650,1946,63100756,554378.5118340,0
1671330780000,0.0087980,0.0088910,0.0087580,0.0087680,48739034,1671330959999,429856.8859640,1103,30450855,268886.0782910,0
1671330960000,0.0087750,0.0088630,0.0087660,0.0088490,21732896,1671331139999,191571.2679380,665,11498660,101281.2582150,0
1671331140000,0.0088490,0.0088500,0.0087680,0.0088020,28259173,1671331319999,248643.2767890,660,12293333,108142.0374390,0
1671331320000,0.0087990,0.0088270,0.0087920,0.0088240,15098811,1671331499999,133113.2489010,347,7761064,68433.4253680,0
1671331500000,0.0088230,0.0088230,0.0088020,0.0088180,13431156,1671331679999,118374.8306550,336,7246930,63871.5898460,0
1671331680000,0.0088150,0.0088180,0.0087770,0.0087940,14571702,1671331859999,128184.6712640,423,5161755,45399.4600170,0
1671331860000,0.0087940,0.0088150,0.0087830,0.0087910,9088757,1671332039999,79966.3258780,315,5423298,47720.8106380,0
1671332040000,0.0087900,0.0087950,0.0087510,0.0087660,17914320,1671332219999,157145.7699370,570,8668442,76029.0200680,0
1671332220000,0.0087630,0.0087650,0.0087240,0.0087460,11959088,1671332399999,104625.4944100,359,4682313,40973.8785410,0
1671332400000,0.0087460,0.0087460,0.0086570,0.0086650,75385491,1671332579999,654966.4114580,1637,34322354,298105.6280040,0
1671332580000,0.0086660,0.0086920,0.0086200,0.0086780,38873092,1671332759999,336622.6541380,954,17124027,148375.1837550,0
1671332760000,0.0086780,0.0086780,0.0086540,0.0086560,9596545,1671332939999,83182.0256590,300,4414662,38264.2365520,0
1671332940000,0.0086540,0.0086850,0.0086540,0.0086690,9217971,1671333119999,79941.9206040,243,6104797,52938.5638130,0
1671333120000,0.0086690,0.0086850,0.0086500,0.0086560,9387546,1671333299999,81395.9810980,211,5281165,45787.7871380,0
1671333300000,0.0086560,0.0086720,0.0086300,0.0086650,14399133,1671333479999,124589.4132220,383,6024954,52122.7200200,0
1671333480000,0.0086650,0.0086800,0.0086420,0.0086520,8448798,1671333659999,73171.1894390,231,4907473,42517.7343820,0
1671333660000,0.0086530,0.0086770,0.0086520,0.0086700,5644778,1671333839999,48905.7495370,172,2885349,24999.3875350,0
1671333840000,0.0086720,0.0086780,0.0086410,0.0086420,8183154,1671334019999,70813.5938120,249,3971866,34374.5359850,0
1671334020000,0.0086410,0.0086420,0.0085750,0.0086070,24678328,1671334199999,212335.7491110,848,10033296,86313.3512010,0
1671334200000,0.0086060,0.0086320,0.0086060,0.0086230,13884217,1671334379999,119666.4215540,300,7787058,67105.9854050,0
1671334380000,0.0086190,0.0086250,0.0086100,0.0086100,5573578,1671334559999,48027.9515630,175,3203530,27604.8184380,0
1671334560000,0.0086080,0.0086260,0.0086050,0.0086250,5049754,1671334739999,43502.4507790,175,3594114,30963.1129800,0
1671334740000,0.0086220,0.0086250,0.0086130,0.0086130,4732122,1671334919999,40787.6895960,148,2391444,20614.5686850,0
1671334920000,0.0086140,0.0086280,0.0085990,0.0086070,4384406,1671335099999,37740.6388170,165,1995566,17177.4115820,0
1671335100000,0.0086060,0.0086360,0.0086060,0.0086270,12113728,1671335279999,104451.6142950,326,5620686,48451.0128540,0
1671335280000,0.0086260,0.0086260,0.0086140,0.0086170,4898878,1671335459999,42226.1189540,124,2754700,23744.0643070,0
1671335460000,0.0086150,0.0086300,0.0086120,0.0086300,3320017,1671335639999,28615.5489020,92,1888172,16280.2322720,0
1671335640000,0.0086310,0.0086360,0.0086230,0.0086350,8065720,1671335819999,69597.7529460,204,4085992,35262.5310040,0
1671335820000,0.0086340,0.0086600,0.0086280,0.0086510,12029119,1671335999999,104000.8149870,353,8416277,72763.8108730,0
1671336000000,0.0086490,0.0086580,0.0085420,0.0085510,65605469,1671336179999,563956.4569460,1589,19517872,167731.9661110,0
1671336180000,0.0085510,0.0085810,0.0085480,0.0085700,23737733,1671336359999,203382.1327250,438,18553948,159004.3464840,0
1671336360000,0.0085690,0.0085860,0.0085640,0.0085750,6611381,1671336539999,56679.7121560,193,3607634,30923.0156200,0
1671336540000,0.0085750,0.0085980,0.0085740,0.0085950,9227028,1671336719999,79235.2199140,274,6128212,52631.9568700,0
1671336720000,0.0085940,0.0086120,0.0085890,0.0086100,8126324,1671336899999,69881.9009350,194,6489195,55802.7068750,0
1671336900000,0.0086100,0.0086160,0.0086040,0.0086040,6197447,1671337079999,53361.4353100,156,2889846,24881.3114050,0
1671337080000,0.0086030,0.0086040,0.0085880,0.0086010,6374729,1671337259999,54798.8041920,151,1645808,14146.8860510,0
1671337260000,0.0085980,0.0086770,0.0085910,0.0086340,21776355,1671337439999,188029.3778190,590,14673560,126707.8690800,0
1671337440000,0.0086350,0.0086370,0.0086120,0.0086140,4826938,1671337619999,41634.8379970,179,3604621,31094.5015050,0
1671337620000,0.0086160,0.0086640,0.0086160,0.0086490,12592625,1671337799999,108851.7936850,329,8383258,72464.6044850,0
1671337800000,0.0086480,0.0087160,0.0086480,0.0086620,30564741,1671337979999,265167.9832630,655,19070976,165467.0928700,0
1671337980000,0.0086620,0.0086980,0.0086430,0.0086720,18221245,1671338159999,157949.3088340,393,7837778,67960.6095870,0
1671338160000,0.0086730,0.0086930,0.0086690,0.0086870,8533725,1671338339999,74065.8138420,243,4902557,42544.9861050,0
1671338340000,0.0086870,0.0086870,0.0086630,0.0086760,7424579,1671338519999,64405.0598840,171,2815668,24430.9274550,0
1671338520000,0.0086730,0.0086900,0.0086730,0.0086880,4607302,1671338699999,39990.9203370,118,2750420,23871.1164030,0
1671338700000,0.0086870,0.0086870,0.0086690,0.0086810,5494379,1671338879999,47686.6183360,140,1481690,12858.4053920,0
1671338880000,0.0086810,0.0087190,0.0086810,0.0087160,11014243,1671339059999,95872.6518910,320,8110474,70595.9848900,0
1671339060000,0.0087170,0.0088130,0.0087100,0.0087790,30585074,1671339239999,268041.2173210,964,19799590,173396.3416580,0
1671339240000,0.0087810,0.0088320,0.0087510,0.0088180,28552229,1671339419999,250790.9090030,766,16994007,149255.8988470,0
1671339420000,0.0088140,0.0088620,0.0087960,0.0088590,34255887,1671339599999,302483.8112910,952,15455629,136525.2664650,0
1671339600000,0.0088610,0.0088610,0.0088040,0.0088090,25032092,1671339779999,220937.5152580,553,14278511,126013.1213860,0
1671339780000,0.0088100,0.0088190,0.0087950,0.0088080,19056388,1671339959999,167849.1398540,352,11992406,105635.4476040,0
1671339960000,0.0088090,0.0088120,0.0087820,0.0087930,17306038,1671340139999,152239.4644710,296,4895810,43075.4222540,0
1671340140000,0.0087930,0.0088030,0.0087890,0.0087950,10203896,1671340319999,89771.1137780,207,3992231,35120.0207210,0
1671340320000,0.0087960,0.0088360,0.0087950,0.0088360,11293888,1671340499999,99492.7439770,270,6544567,57690.0675570,0
1671340500000,0.0088370,0.0088500,0.0087980,0.0088180,18628514,1671340679999,164401.0821690,503,8861243,78183.8019910,0
1671340680000,0.0088170,0.0088320,0.0087900,0.0088030,13915790,1671340859999,122562.6807330,412,5500322,48429.9702880,0
1671340860000,0.0088020,0.0088280,0.0087990,0.0088070,6053447,1671341039999,53350.3358920,192,2245233,19782.3336980,0
1671341040000,0.0088090,0.0088110,0.0087750,0.0088060,8340324,1671341219999,73340.1833730,293,4587252,40334.8655500,0
1671341220000,0.0088010,0.0088160,0.0087810,0.0087860,7537250,1671341399999,66344.7423460,245,3541106,31177.1027530,0
1671341400000,0.0087810,0.0088290,0.0087810,0.0088150,15391303,1671341579999,135692.5572570,388,7837834,69085.7676950,0
1671341580000,0.0088150,0.0088240,0.0088050,0.0088150,10456858,1671341759999,92163.0277390,290,6898302,60793.8653740,0
1671341760000,0.0088130,0.0088170,0.0087840,0.0087910,9443973,1671341939999,83115.5191880,279,4725361,41585.3729870,0
1671341940000,0.0087910,0.0088140,0.0087570,0.0087980,21649175,1671342119999,190187.4058260,673,13340202,117188.5184890,0
1671342120000,0.0087990,0.0089230,0.0087940,0.0088840,33583983,1671342299999,297397.1006460,1158,18347100,162496.8483750,0
1671342300000,0.0088830,0.0089230,0.0088500,0.0088670,27348445,1671342479999,242859.5905210,909,12756606,113275.3056730,0
1671342480000,0.0088650,0.0088670,0.0088350,0.0088510,13495212,1671342659999,119429.3937800,408,6633100,58714.8922690,0
1671342660000,0.0088470,0.0088500,0.0088270,0.0088270,4950574,1671342839999,43763.1055810,172,3248398,28717.5288410,0
1671342840000,0.0088270,0.0088290,0.0088180,0.0088250,5384406,1671343019999,47510.9621010,174,2330534,20566.7921600,0
1671343020000,0.0088240,0.0088400,0.0088060,0.0088370,8517380,1671343199999,75127.2459050,288,5723698,50480.4335920,0
1671343200000,0.0088370,0.0088410,0.0087620,0.0087790,47847849,1671343379999,420528.3461980,937,23654075,207942.1409330,0
1671343380000,0.0087790,0.0087800,0.0087090,0.0087680,30024187,1671343559999,262838.4708980,799,13822422,120990.8101790,0
1671343560000,0.0087660,0.0087740,0.0087170,0.0087290,9632272,1671343739999,84274.6971370,274,2826106,24726.7412440,0
1671343740000,0.0087280,0.0087790,0.0087280,0.0087610,8719710,1671343919999,76363.0175490,280,4614939,40409.2716530,0
1671343920000,0.0087610,0.0087620,0.0087430,0.0087470,3234669,1671344099999,28313.3116730,103,673842,5898.0427320,0
1671344100000,0.0087470,0.0087550,0.0087400,0.0087440,4436840,1671344279999,38818.5052690,123,2003285,17528.6568840,0
1671344280000,0.0087450,0.0087580,0.0087390,0.0087570,3557838,1671344459999,31129.2423420,131,2031159,17771.1063450,0
1671344460000,0.0087570,0.0087690,0.0087420,0.0087440,13485060,1671344639999,118098.5702870,237,9156733,80204.0333800,0
1671344640000,0.0087420,0.0087440,0.0087280,0.0087380,5508104,1671344819999,48123.7468120,230,3616818,31597.2465700,0
1671344820000,0.0087380,0.0087390,0.0087020,0.0087360,9235940,1671344999999,80555.7271940,340,3553491,30999.2004740,0
1671345000000,0.0087370,0.0087580,0.0087370,0.0087440,7689925,1671345179999,67257.8850920,213,3568189,31205.4247740,0
1671345180000,0.0087400,0.0087400,0.0087160,0.0087280,4253138,1671345359999,37106.9979330,151,1887920,16473.6951920,0
1671345360000,0.0087260,0.0087260,0.0086870,0.0087210,14746362,1671345539999,128384.3746960,436,5974910,52013.3711080,0
1671345540000,0.0087230,0.0087280,0.0087120,0.0087150,2325857,1671345719999,20274.2353160,88,1555933,13563.6341910,0
1671345720000,0.0087170,0.0087320,0.0087140,0.0087140,2582153,1671345899999,22523.6806670,86,1759049,15346.7664080,0
1671345900000,0.0087150,0.0087440,0.0087150,0.0087420,4795542,1671346079999,41871.8360110,133,3826260,33408.9825360,0
1671346080000,0.0087420,0.0087590,0.0087270,0.0087490,7198246,1671346259999,62926.6039960,230,4849005,42385.8498790,0
1671346260000,0.0087510,0.0087920,0.0087450,0.0087670,11764606,1671346439999,103168.3333410,442,8502114,74551.3206870,0
1671346440000,0.0087690,0.0087770,0.0087610,0.0087610,5975097,1671346619999,52408.9096860,147,2858939,25077.6323990,0
1671346620000,0.0087610,0.0087790,0.0087610,0.0087730,6175948,1671346799999,54170.5093180,176,2385581,20922.8418710,0
1671346800000,0.0087730,0.0087850,0.0087720,0.0087750,6199244,1671346979999,54425.7184040,173,2527829,22193.8971240,0
1671346980000,0.0087760,0.0087980,0.0087760,0.0087900,5246990,1671347159999,46121.4114880,182,3540002,31114.7543340,0
1671347160000,0.0087890,0.0088100,0.0087770,0.0087990,10060423,1671347339999,88490.9745370,271,6073923,53442.2935940,0
1671347340000,0.0087990,0.0088160,0.0087850,0.0087960,13865430,1671347519999,122048.2388620,266,7060394,62155.0891650,0
1671347520000,0.0087970,0.0088120,0.0087850,0.0088050,9842269,1671347699999,86566.6812500,204,3496315,30766.6822260,0
1671347700000,0.0088030,0.0088030,0.0087910,0.0087950,5096628,1671347879999,44838.0511530,138,1880825,16546.3881630,0
1671347880000,0.0087950,0.0088000,0.0087860,0.0087940,5873210,1671348059999,51652.5606290,151,1245592,10952.6835120,0
1671348060000,0.0087960,0.0088040,0.0087870,0.0087870,5138559,1671348239999,45205.7393760,137,2363955,20796.1947040,0
1671348240000,0.0087890,0.0087960,0.0087670,0.0087700,8703194,1671348419999,76406.6990230,246,2152453,18895.5263540,0
1671348420000,0.0087720,0.0087760,0.0087520,0.0087630,5746941,1671348599999,50364.0579970,169,2035820,17844.8632940,0
1671348600000,0.0087640,0.0087800,0.0087430,0.0087570,8948642,1671348779999,78420.0045040,246,3917779,34337.3210530,0
1671348780000,0.0087530,0.0087940,0.0087520,0.0087820,9265903,1671348959999,81298.1087190,261,7631177,66968.8230400,0
1671348960000,0.0087810,0.0088020,0.0087800,0.0087950,7096711,1671349139999,62403.0938880,190,3663829,32212.5551950,0
1671349140000,0.0087960,0.0088100,0.0087920,0.0087930,9125521,1671349319999,80299.3440850,265,4754613,41839.7283580,0
1671349320000,0.0087960,0.0087980,0.0087850,0.0087890,4887279,1671349499999,42964.7714280,156,2409076,21177.6769930,0
1671349500000,0.0087900,0.0087950,0.0087620,0.0087780,8413806,1671349679999,73888.0556490,294,3331063,29264.7816990,0
1671349680000,0.0087790,0.0087850,0.0087570,0.0087700,11720308,1671349859999,102818.8112290,375,5679725,49826.9359510,0
1671349860000,0.0087710,0.0087960,0.0087640,0.0087920,6631874,1671350039999,58256.8576950,176,4967773,43647.9313590,0
1671350040000,0.0087930,0.0087950,0.0087550,0.0087670,5253503,1671350219999,46088.9401130,188,1894863,16626.4080540,0
1671350220000,0.0087650,0.0087760,0.0087560,0.0087560,5809740,1671350399999,50917.5780800,158,3615435,31688.1133650,0
1671350400000,0.0087550,0.0087650,0.0087340,0.0087360,19827786,1671350579999,173483.5436070,448,9711277,84952.2248760,0
1671350580000,0.0087370,0.0087370,0.0087180,0.0087180,11022386,1671350759999,96222.6206290,312,5738265,50098.1712510,0
1671350760000,0.0087180,0.0087200,0.0087000,0.0087160,15340414,1671350939999,133631.0704370,368,8014125,69820.5746080,0
1671350940000,0.0087150,0.0087150,0.0086940,0.0086960,6673054,1671351119999,58106.4519520,196,2881010,25090.1770780,0
1671351120000,0.0086980,0.0087030,0.0086970,0.0087020,2763874,1671351299999,24047.1494830,119,2013311,17517.0922080,0
1671351300000,0.0087020,0.0087150,0.0086990,0.0087050,4517560,1671351479999,39338.0986570,148,2415697,21034.1309230,0
1671351480000,0.0087050,0.0087050,0.0086910,0.0086910,4668545,1671351659999,40608.5289420,124,1248601,10860.5966660,0
1671351660000,0.0086920,0.0087040,0.0086720,0.0086830,8002780,1671351839999,69538.0029090,299,3339058,29020.8391200,0
1671351840000,0.0086770,0.0087020,0.0086770,0.0086950,4669198,1671352019999,40594.5747320,137,2298805,19985.0321820,0
1671352020000,0.0086970,0.0086990,0.0086870,0.0086950,1953625,1671352199999,16985.1614510,76,931602,8098.9800600,0
1671352200000,0.0086950,0.0087160,0.0086940,0.0087110,6367481,1671352379999,55414.7130300,182,3387011,29478.4868600,0
1671352380000,0.0087110,0.0087150,0.0087020,0.0087020,3959615,1671352559999,34480.0252840,98,1745199,15196.5250150,0
1671352560000,0.0087020,0.0087020,0.0086680,0.0086900,6865915,1671352739999,59608.0584310,224,3102920,26936.1254530,0
1671352740000,0.0086900,0.0086960,0.0086770,0.0086800,4513989,1671352919999,39217.2680660,141,1655069,14377.0069460,0
1671352920000,0.0086800,0.0086820,0.0086650,0.0086740,8198322,1671353099999,71105.9954540,206,4699310,40756.1309160,0
1671353100000,0.0086740,0.0086750,0.0086580,0.0086660,5775809,1671353279999,50060.1407060,130,2369018,20529.6102590,0
1671353280000,0.0086650,0.0086650,0.0085990,0.0086010,34867366,1671353459999,300783.6230360,875,10059690,86772.5467240,0
1671353460000,0.0086030,0.0086210,0.0085680,0.0086140,29065541,1671353639999,250058.2805590,569,13626434,117232.4869120,0
1671353640000,0.0086140,0.0086180,0.0085450,0.0086020,27155978,1671353819999,233132.5307180,669,10111409,86816.0016260,0
1671353820000,0.0086040,0.0086120,0.0085780,0.0085930,12441839,1671353999999,106947.7187720,265,6398873,55001.5128170,0
1671354000000,0.0085950,0.0085950,0.0084530,0.0085030,37159244,1671354179999,316798.0619680,1105,14192915,121056.0076140,0
1671354180000,0.0085040,0.0085060,0.0083940,0.0084360,89550352,1671354359999,756850.7867210,1892,38879896,328589.2474920,0
1671354360000,0.0084360,0.0084800,0.0084340,0.0084590,16188697,1671354539999,136906.0585160,424,8467312,71577.8547450,0
1671354540000,0.0084580,0.0084750,0.0084460,0.0084510,10973272,1671354719999,92838.6718660,237,7158843,60566.7292130,0
1671354720000,0.0084510,0.0084510,0.0083670,0.0083840,23152688,1671354899999,194707.2393670,680,9305694,78256.1409790,0
1671354900000,0.0083850,0.0084300,0.0083750,0.0084140,21019455,1671355079999,176689.3138000,525,8891868,74766.8433260,0
1671355080000,0.0084160,0.0084270,0.0084030,0.0084090,11181721,1671355259999,94126.1616270,246,6373628,53652.3400920,0
1671355260000,0.0084100,0.0084260,0.0084070,0.0084150,6246188,1671355439999,52556.5446050,155,4455143,37486.7044720,0
1671355440000,0.0084140,0.0084370,0.0084110,0.0084250,11919645,1671355619999,100416.8331390,304,8581722,72301.0396330,0
1671355620000,0.0084240,0.0084250,0.0083760,0.0083930,15703716,1671355799999,131937.7780460,359,7391947,62114.3142880,0
1671355800000,0.0083940,0.0084160,0.0083890,0.0083910,11082702,1671355979999,93158.0595550,267,4514643,37943.8386070,0
1671355980000,0.0083910,0.0084420,0.0083890,0.0084180,17855368,1671356159999,150237.6101610,426,6651873,55950.6920550,0
1671356160000,0.0084180,0.0084190,0.0083830,0.0084110,10155192,1671356339999,85335.1903810,270,4080357,34292.5983940,0
1671356340000,0.0084120,0.0084200,0.0084100,0.0084160,6804868,1671356519999,57265.2631470,192,4081422,34348.8230440,0
1671356520000,0.0084180,0.0084460,0.0084130,0.0084440,12441659,1671356699999,104895.5983980,308,8135765,68617.7867700,0
1671356700000,0.0084430,0.0084470,0.0084210,0.0084220,8016645,1671356879999,67624.5395740,252,3252387,27440.6213830,0
1671356880000,0.0084250,0.0084250,0.0084010,0.0084170,6508655,1671357059999,54745.9239220,189,4482792,37703.4722390,0
1671357060000,0.0084140,0.0084150,0.0083820,0.0083980,7883365,1671357239999,66158.7146550,227,4217417,35393.9852620,0
1671357240000,0.0083960,0.0084200,0.0083860,0.0084160,8490684,1671357419999,71359.9586500,265,4614382,38786.0644910,0
1671357420000,0.0084150,0.0084250,0.0084040,0.0084250,6734538,1671357599999,56666.3021230,171,2943362,24766.8347280,0
1671357600000,0.0084230,0.0084510,0.0084220,0.0084260,15914164,1671357779999,134208.3147140,333,6913696,58313.9646560,0
1671357780000,0.0084260,0.0084300,0.0084180,0.0084260,4463283,1671357959999,37601.1639350,105,3184506,26829.3184990,0
1671357960000,0.0084250,0.0084370,0.0084230,0.0084370,5224303,1671358139999,44030.0732150,112,4136334,34860.1744580,0
1671358140000,0.0084370,0.0084430,0.0084290,0.0084400,5876550,1671358319999,49557.6641170,165,4617314,38938.3582900,0
1671358320000,0.0084410,0.0084550,0.0084320,0.0084380,9373104,1671358499999,79118.3662680,210,7479373,63134.3940920,0
1671358500000,0.0084380,0.0084450,0.0084060,0.0084250,14540135,1671358679999,122514.5884630,316,6956225,58621.8230850,0
1671358680000,0.0084240,0.0084370,0.0084200,0.0084290,6685089,1671358859999,56347.4868950,174,2500546,21082.0591970,0
1671358860000,0.0084290,0.0084490,0.0084270,0.0084350,7291177,1671359039999,61517.5479510,180,2285732,19282.1714330,0
1671359040000,0.0084340,0.0084340,0.0084140,0.0084240,4065141,1671359219999,34241.4260470,142,1377179,11596.8444430,0
1671359220000,0.0084240,0.0084370,0.0084170,0.0084350,8596978,1671359399999,72450.7938140,237,3966072,33432.8427840,0
1671359400000,0.0084340,0.0084350,0.0084130,0.0084170,8593637,1671359579999,72415.4439780,245,2455566,20698.0811410,0
1671359580000,0.0084170,0.0084260,0.0083960,0.0084160,17875792,1671359759999,150406.5118280,488,4981981,41915.8266150,0
1671359760000,0.0084170,0.0084210,0.0083970,0.0084110,9497609,1671359939999,79896.6654530,237,2693603,22655.8800700,0
1671359940000,0.0084130,0.0084410,0.0084130,0.0084270,8709683,1671360119999,73380.9761140,229,4054117,34166.4262510,0
1671360120000,0.0084280,0.0084320,0.0084190,0.0084290,5552207,1671360299999,46783.5703690,94,2787751,23489.1591080,0
1671360300000,0.0084280,0.0084340,0.0084250,0.0084270,3570131,1671360479999,30086.8527150,80,2163031,18229.1623360,0
1671360480000,0.0084290,0.0084440,0.0084280,0.0084440,8563259,1671360659999,72238.5515280,190,4300600,36274.8705030,0
1671360660000,0.0084450,0.0084560,0.0084360,0.0084390,8409013,1671360839999,71019.4490460,162,4202567,35489.1503210,0
1671360840000,0.0084400,0.0084470,0.0084180,0.0084290,12652696,1671361019999,106697.6575700,267,4820909,40661.0483500,0
1671361020000,0.0084290,0.0084340,0.0084210,0.0084290,4967156,1671361199999,41863.8829790,87,1813014,15280.8811290,0
1671361200000,0.0084290,0.0084560,0.0084290,0.0084550,12444594,1671361379999,105045.7863870,232,5055925,42689.0884730,0
1671361380000,0.0084550,0.0084780,0.0084390,0.0084650,9174655,1671361559999,77616.8269470,244,6842642,57890.5334530,0
1671361560000,0.0084660,0.0084800,0.0084640,0.0084800,11821136,1671361739999,100177.0483500,181,8145730,69028.5216910,0
1671361740000,0.0084790,0.0084820,0.0084690,0.0084810,12518709,1671361919999,106084.0261090,212,7696123,65213.7773070,0
1671361920000,0.0084800,0.0085170,0.0084800,0.0084920,22781562,1671362099999,193632.6685200,403,9649646,82002.0070840,0
1671362100000,0.0084920,0.0084970,0.0084890,0.0084920,14141227,1671362279999,120087.3208280,288,10156873,86252.7234820,0
1671362280000,0.0084910,0.0085240,0.0084900,0.0085160,9346643,1671362459999,79529.5902710,205,4846940,41225.1925110,0
1671362460000,0.0085170,0.0085220,0.0085030,0.0085030,6533770,1671362639999,55630.9235900,130,2448378,20848.5393740,0
1671362640000,0.0085030,0.0086430,0.0085030,0.0085660,81845210,1671362819999,702705.4225550,1769,40282327,345699.4059490,0
1671362820000,0.0085660,0.0085740,0.0085200,0.0085410,20087192,1671362999999,171562.6690060,469,6794049,58055.7543960,0
1671363000000,0.0085410,0.0085470,0.0085070,0.0085340,17096230,1671363179999,145772.4835170,385,8940789,76251.8879830,0
1671363180000,0.0085330,0.0085500,0.0085330,0.0085490,5311600,1671363359999,45384.0890660,125,4514803,38576.5727590,0
1671363360000,0.0085500,0.0085860,0.0085500,0.0085790,10462953,1671363539999,89688.2925450,278,5486116,47024.5677290,0
1671363540000,0.0085780,0.0085870,0.0085650,0.0085810,6568185,1671363719999,56321.6055200,229,3612714,30984.6196110,0
1671363720000,0.0085820,0.0085920,0.0085750,0.0085920,5543469,1671363899999,47563.3004370,163,1797723,15428.0075280,0
1671363900000,0.0085900,0.0086010,0.0085580,0.0085630,17053506,1671364079999,146311.6970750,384,7610613,65298.2771520,0
1671364080000,0.0085610,0.0085770,0.0085470,0.0085770,9551501,1671364259999,81735.8429910,247,4246029,36338.5409300,0
1671364260000,0.0085780,0.0085800,0.0085450,0.0085470,5431978,1671364439999,46506.9053600,158,1073205,9191.1088310,0
1671364440000,0.0085470,0.0085630,0.0085470,0.0085480,1968910,1671364619999,16844.4195440,84,838577,7173.4279960,0
1671364620000,0.0085490,0.0085560,0.0085480,0.0085520,3679550,1671364799999,31466.4690360,82,2322938,19865.5097190,0
1671364800000,0.0085530,0.0085800,0.0085290,0.0085340,24999892,1671364979999,213942.5767000,485,9942022,85083.0321870,0
1671364980000,0.0085350,0.0085440,0.0085280,0.0085350,8776583,1671365159999,74915.3974550,152,3481608,29714.8752930,0
1671365160000,0.0085360,0.0085560,0.0085360,0.0085380,6701928,1671365339999,57257.9983470,141,3715696,31738.0514200,0
1671365340000,0.0085370,0.0085370,0.0084780,0.0084940,23633194,1671365519999,201182.8287830,523,6254186,53244.9655820,0
1671365520000,0.0084950,0.0085160,0.0084770,0.0085160,20879130,1671365699999,177457.5243670,443,6511908,55339.5202080,0
1671365700000,0.0085160,0.0085190,0.0084890,0.0085120,10837134,1671365879999,92192.0460100,260,4437209,37741.1624150,0
1671365880000,0.0085130,0.0085160,0.0085030,0.0085150,4387950,1671366059999,37345.7612660,116,2373445,20202.3317700,0
1671366060000,0.0085150,0.0085150,0.0085050,0.0085060,1816829,1671366239999,15463.3431410,38,439901,3742.3246160,0
1671366240000,0.0085060,0.0085080,0.0084920,0.0085010,1526714,1671366419999,12981.4397690,64,441223,3751.3615120,0
1671366420000,0.0085030,0.0085100,0.0084980,0.0085070,2900866,1671366599999,24670.7981420,68,1334834,11353.5067760,0
1671366600000,0.0085080,0.0085170,0.0085080,0.0085160,5916789,1671366779999,50365.9762730,110,4331039,36867.5674590,0
1671366780000,0.0085150,0.0085150,0.0085040,0.0085070,2894786,1671366959999,24630.5199540,68,883263,7513.1335200,0
1671366960000,0.0085070,0.0085080,0.0084950,0.0085070,5755742,1671367139999,48941.5177420,115,1405978,11955.8486370,0
1671367140000,0.0085010,0.0085060,0.0084960,0.0085020,3472452,1671367319999,29523.2333510,82,1564544,13302.2848510,0
1671367320000,0.0085020,0.0085150,0.0084990,0.0085140,3896212,1671367499999,33140.6575350,90,2774785,23605.8672370,0
1671367500000,0.0085120,0.0085430,0.0085110,0.0085310,10044229,1671367679999,85675.0693980,233,5782023,49309.2448040,0
1671367680000,0.0085310,0.0085370,0.0085160,0.0085190,7612520,1671367859999,64920.9891850,180,4969346,42383.6182790,0
1671367860000,0.0085180,0.0085300,0.0085090,0.0085130,6960040,1671368039999,59295.8696770,139,3658373,31179.5603550,0
1671368040000,0.0085160,0.0085220,0.0085080,0.0085120,3275293,1671368219999,27886.6132120,62,1607587,13685.5930070,0
1671368220000,0.0085120,0.0085130,0.0085070,0.0085110,2077486,1671368399999,17680.8773650,47,1619518,13784.1763190,0
1671368400000,0.0085120,0.0085280,0.0085110,0.0085240,9793368,1671368579999,83461.7600750,180,5451754,46454.4734620,0
1671368580000,0.0085230,0.0085420,0.0085230,0.0085260,6472468,1671368759999,55220.0508020,156,4690047,40010.6540740,0
1671368760000,0.0085260,0.0085390,0.0085110,0.0085290,17278673,1671368939999,147272.6351010,421,11016842,93893.1821880,0
1671368940000,0.0085290,0.0085440,0.0085180,0.0085390,29246318,1671369119999,249510.4158410,600,15338951,130837.4921840,0
1671369120000,0.0085390,0.0085590,0.0085350,0.0085570,28577878,1671369299999,244266.8180860,603,16210506,138551.3256170,0
1671369300000,0.0085580,0.0085580,0.0085210,0.0085210,13831870,1671369479999,118015.2677170,324,7665653,65403.1703840,0
1671369480000,0.0085210,0.0085210,0.0085130,0.0085140,4721697,1671369659999,40211.6658150,110,2065361,17587.9735900,0
1671369660000,0.0085130,0.0085170,0.0085040,0.0085130,4028528,1671369839999,34283.0444010,119,1442135,12272.6878950,0
1671369840000,0.0085140,0.0085140,0.0085030,0.0085090,4211072,1671370019999,35830.5111170,128,1692319,14397.2268040,0
1671370020000,0.0085080,0.0085090,0.0084860,0.0084880,6898969,1671370199999,58622.9791110,187,1191846,10126.5284840,0
1671370200000,0.0084860,0.0085070,0.0084860,0.0085020,4855904,1671370379999,41279.3906850,120,2257643,19184.6339220,0
1671370380000,0.0085020,0.0085020,0.0084130,0.0084140,22638820,1671370559999,191500.2229360,598,5259817,44456.8544220,0
1671370560000,0.0084140,0.0084720,0.0084140,0.0084590,25301179,1671370739999,213760.3965710,462,11564855,97651.3561750,0
1671370740000,0.0084580,0.0084690,0.0084570,0.0084570,7853127,1671370919999,66472.9253930,162,3881584,32858.2910010,0
1671370920000,0.0084570,0.0084710,0.0084560,0.0084700,3121706,1671371099999,26413.9196140,93,1624675,13745.5959350,0
1671371100000,0.0084700,0.0084760,0.0084590,0.0084680,3762059,1671371279999,31857.3357540,116,2052992,17381.5441020,0
1671371280000,0.0084690,0.0084690,0.0084410,0.0084500,5761696,1671371459999,48703.6242580,153,1813027,15327.5712820,0
1671371460000,0.0084510,0.0084850,0.0084490,0.0084710,9325204,1671371639999,78927.3492820,213,6320319,53482.5859360,0
1671371640000,0.0084710,0.0084790,0.0084630,0.0084690,2572428,1671371819999,21792.1960130,73,1764523,14948.6103930,0
1671371820000,0.0084640,0.0084670,0.0084620,0.0084650,2059196,1671371999999,17429.7042210,54,833014,7050.0225510,0
1671372000000,0.0084650,0.0085290,0.0084650,0.0084880,27265626,1671372179999,231687.1642230,578,17442739,148181.8988240,0
1671372180000,0.0084870,0.0084870,0.0084710,0.0084830,3531438,1671372359999,29938.2110760,98,1338168,11341.4194100,0
1671372360000,0.0084860,0.0084950,0.0084810,0.0084940,3175625,1671372539999,26956.1092290,71,1830137,15537.0538540,0
1671372540000,0.0084940,0.0085010,0.0084910,0.0084990,2760644,1671372719999,23454.3537180,83,1712943,14554.3459500,0
1671372720000,0.0084980,0.0085000,0.0084890,0.0084960,1908141,1671372899999,16207.8469450,56,964530,8192.8136110,0
1671372900000,0.0084970,0.0085120,0.0084970,0.0085100,5113212,1671373079999,43483.8770920,126,4172296,35483.5671230,0
1671373080000,0.0085100,0.0085180,0.0085040,0.0085160,5646753,1671373259999,48060.7994210,117,4004806,34083.8384880,0
1671373260000,0.0085160,0.0085160,0.0084820,0.0084820,10098298,1671373439999,85882.1670070,228,3744103,31839.4080810,0
1671373440000,0.0084840,0.0085010,0.0084630,0.0084990,13005642,1671373619999,110255.5823470,323,7269054,61621.6018080,0
1671373620000,0.0084970,0.0084980,0.0084780,0.0084950,4031188,1671373799999,34227.7541520,102,1043817,8864.7420500,0
1671373800000,0.0084970,0.0085050,0.0084890,0.0084930,7762856,1671373979999,65989.5424730,158,2193636,18644.7154810,0
1671373980000,0.0084930,0.0084950,0.0084890,0.0084910,1674008,1671374159999,14214.7086690,52,651269,5530.4026130,0
1671374160000,0.0084890,0.0084920,0.0084730,0.0084900,5694480,1671374339999,48301.8707000,180,3190257,27058.6324670,0
1671374340000,0.0084900,0.0084990,0.0084900,0.0084910,3737561,1671374519999,31743.3766960,115,2600731,22086.0059460,0
1671374520000,0.0084920,0.0084960,0.0084880,0.0084890,2787502,1671374699999,23673.0047200,57,1244012,10564.1083760,0
1671374700000,0.0084890,0.0084980,0.0084890,0.0084900,1713457,1671374879999,14554.8910290,84,787971,6693.1566010,0
1671374880000,0.0084890,0.0084920,0.0084810,0.0084850,3927187,1671375059999,33330.7883500,97,658660,5590.7361110,0
1671375060000,0.0084860,0.0084920,0.0084750,0.0084760,3097123,1671375239999,26277.3762060,75,1548768,13142.9630750,0
1671375240000,0.0084760,0.0084970,0.0084670,0.0084970,2775969,1671375419999,23548.6603320,106,1582191,13422.1796540,0
1671375420000,0.0084980,0.0085010,0.0084970,0.0084990,3483690,1671375599999,29604.1457810,63,1551029,13182.0879480,0
1671375600000,0.0084980,0.0085290,0.0084980,0.0085260,20148525,1671375779999,171577.8114870,399,13833787,117789.7874190,0
1671375780000,0.0085250,0.0085290,0.0085120,0.0085130,3967403,1671375959999,33801.6564630,124,2163201,18431.0629280,0
1671375960000,0.0085110,0.0085170,0.0085080,0.0085150,3733389,1671376139999,31774.8575190,111,1376024,11713.3914060,0
1671376140000,0.0085160,0.0085320,0.0085150,0.0085260,11105230,1671376319999,94652.7395720,244,5542952,47235.1495880,0
1671376320000,0.0085270,0.0085290,0.0085090,0.0085180,3465810,1671376499999,29518.6031100,85,1077446,9179.7396100,0
1671376500000,0.0085170,0.0085290,0.0085110,0.0085220,4572345,1671376679999,38948.9913120,139,3495381,29773.4106320,0
1671376680000,0.0085250,0.0085370,0.0085230,0.0085290,7809369,1671376859999,66607.1126630,199,4292419,36615.6824720,0
1671376860000,0.0085290,0.0085540,0.0085240,0.0085530,12776834,1671377039999,109057.9408080,275,8403791,71748.5619300,0
1671377040000,0.0085520,0.0085520,0.0085210,0.0085260,7267214,1671377219999,62007.5758400,202,2734168,23331.1508880,0
1671377220000,0.0085270,0.0085300,0.0085080,0.0085080,11545407,1671377399999,98404.5744450,231,3224004,27479.7331750,0
1671377400000,0.0085090,0.0085240,0.0085070,0.0085090,3980395,1671377579999,33890.1674920,130,1450792,12353.1969560,0
1671377580000,0.0085090,0.0085150,0.0085050,0.0085140,3823828,1671377759999,32545.0798080,109,2499677,21275.6168570,0
1671377760000,0.0085150,0.0085220,0.0085010,0.0085020,6040059,1671377939999,51396.1262420,137,2233153,19006.7071600,0
1671377940000,0.0085010,0.0085040,0.0084700,0.0084920,12074010,1671378119999,102527.6402370,293,5785305,49133.8813400,0
1671378120000,0.0084910,0.0085000,0.0084910,0.0084910,4471690,1671378299999,37988.9185890,96,3115924,26471.8351120,0
1671378300000,0.0084910,0.0085000,0.0084900,0.0084950,2564909,1671378479999,21783.6662170,50,2209904,18767.7488450,0
1671378480000,0.0084940,0.0085000,0.0084910,0.0084990,1996905,1671378659999,16965.0851640,41,1634609,13886.5226410,0
1671378660000,0.0085000,0.0085020,0.0084870,0.0084880,1919000,1671378839999,16304.4530710,54,1025176,8708.7781120,0
1671378840000,0.0084870,0.0084900,0.0084740,0.0084890,4252622,1671379019999,36071.3052970,93,3982389,33779.4791690,0
1671379020000,0.0084870,0.0084870,0.0084690,0.0084690,12248937,1671379199999,103882.1695740,175,2115952,17944.2960800,0
1671379200000,0.0084690,0.0084930,0.0084590,0.0084770,16311110,1671379379999,138291.0278650,295,8195979,69499.5829820,0
1671379380000,0.0084780,0.0084830,0.0084770,0.0084800,3447173,1671379559999,29231.1155150,72,2061775,17483.6390380,0
1671379560000,0.0084800,0.0084800,0.0084780,0.0084790,2454816,1671379739999,20813.2052460,41,1551647,13155.4399790,0
1671379740000,0.0084790,0.0084930,0.0084790,0.0084890,5127660,1671379919999,43518.2785070,100,4443159,37708.3144050,0
1671379920000,0.0084890,0.0085070,0.0084890,0.0085040,3256847,1671380099999,27682.9217910,85,1827862,15535.6198380,0
1671380100000,0.0085030,0.0085090,0.0084990,0.0085030,4192286,1671380279999,35658.8928070,69,2428862,20661.4955120,0
1671380280000,0.0085060,0.0085100,0.0084940,0.0084980,3295745,1671380459999,28025.0788560,84,1033350,8787.2076530,0
1671380460000,0.0084980,0.0085020,0.0084930,0.0084930,1503124,1671380639999,12772.5558670,50,519163,4411.2586250,0
1671380640000,0.0084940,0.0085120,0.0084940,0.0085110,3115097,1671380819999,26498.2572990,80,1923805,16367.1461130,0
1671380820000,0.0085110,0.0085430,0.0085110,0.0085340,10795124,1671380999999,92075.5080330,234,7267524,61971.9340920,0
1671381000000,0.0085330,0.0085490,0.0085190,0.0085260,16535320,1671381179999,141120.5622280,347,7190771,61377.4451650,0
1671381180000,0.0085250,0.0085300,0.0085230,0.0085280,2194843,1671381359999,18716.4371170,49,596293,5083.9444210,0
1671381360000,0.0085270,0.0085360,0.0085260,0.0085330,3441817,1671381539999,29369.4888950,84,1317664,11242.9082110,0
1671381540000,0.0085350,0.0085350,0.0085150,0.0085200,3920106,1671381719999,33411.9661270,88,705400,6014.6952460,0
1671381720000,0.0085220,0.0085400,0.0085180,0.0085340,4397263,1671381899999,37511.2171930,115,2790934,23810.0918350,0
1671381900000,0.0085310,0.0085400,0.0085120,0.0085190,3760547,1671382079999,32056.4945210,90,1266001,10801.0571390,0
1671382080000,0.0085220,0.0085370,0.0085190,0.0085290,3018115,1671382259999,25726.3872740,91,2010439,17137.2224510,0
1671382260000,0.0085280,0.0085280,0.0085100,0.0085220,7201323,1671382439999,61329.8205960,177,2522321,21481.1287740,0
1671382440000,0.0085220,0.0085340,0.0085220,0.0085300,3250226,1671382619999,27715.8511780,78,1697969,14476.0690650,0
1671382620000,0.0085310,0.0085320,0.0085210,0.0085280,2233710,1671382799999,19046.5537090,56,501122,4273.8272610,0
1671382800000,0.0085290,0.0085680,0.0085290,0.0085610,20465119,1671382979999,175005.7706970,443,12064842,103148.9575150,0
1671382980000,0.0085610,0.0085620,0.0085500,0.0085510,7929001,1671383159999,67825.5016610,181,3168390,27101.6670630,0
1671383160000,0.0085520,0.0085560,0.0085360,0.0085370,6153289,1671383339999,52586.0071980,176,2005757,17141.1464140,0
1671383340000,0.0085380,0.0085400,0.0085260,0.0085260,4399537,1671383519999,37530.6489910,84,1369101,11678.6279430,0
1671383520000,0.0085270,0.0085270,0.0085150,0.0085260,7450817,1671383699999,63490.3755100,145,2360328,20113.4860830,0
1671383700000,0.0085250,0.0085250,0.0085080,0.0085100,5353030,1671383879999,45577.8644370,112,1854745,15796.0304410,0
1671383880000,0.0085080,0.0085200,0.0084900,0.0085150,5887523,1671384059999,50053.1625980,187,2766310,23522.9648810,0
1671384060000,0.0085140,0.0085150,0.0085080,0.0085130,2572179,1671384239999,21893.4729530,53,1163537,9903.9683480,0
1671384240000,0.0085130,0.0085160,0.0085120,0.0085150,962038,1671384419999,8190.6972030,32,891870,7593.2203810,0
1671384420000,0.0085160,0.0085160,0.0085110,0.0085130,1612577,1671384599999,13728.0256900,37,417511,3554.5536430,0
1671384600000,0.0085130,0.0085440,0.0085130,0.0085340,9624349,1671384779999,82142.8283570,239,6073083,51826.0141630,0
1671384780000,0.0085340,0.0085430,0.0085330,0.0085410,2266139,1671384959999,19347.7464460,66,1146735,9790.1757010,0
1671384960000,0.0085410,0.0085460,0.0085370,0.0085400,1887827,1671385139999,16123.9182100,48,859981,7346.0263800,0
1671385140000,0.0085390,0.0085430,0.0085380,0.0085400,1691064,1671385319999,14443.6728730,56,1254446,10714.6780970,0
1671385320000,0.0085400,0.0085420,0.0085380,0.0085410,1109407,1671385499999,9474.0457620,32,436007,3723.3618060,0
1671385500000,0.0085400,0.0085400,0.0085100,0.0085240,7051983,1671385679999,60097.6733590,179,2257862,19233.4992260,0
1671385680000,0.0085250,0.0085330,0.0085150,0.0085260,3742672,1671385859999,31908.9168620,96,802659,6844.7080310,0
1671385860000,0.0085280,0.0085350,0.0085210,0.0085270,3373889,1671386039999,28773.8980890,87,911552,7774.7550200,0
1671386040000,0.0085250,0.0085330,0.0085220,0.0085320,2543362,1671386219999,21685.4973520,59,1203369,10261.7293470,0
1671386220000,0.0085320,0.0085590,0.0085320,0.0085520,8053146,1671386399999,68835.6890010,226,4004203,34235.3253430,0
1671386400000,0.0085510,0.0086080,0.0085510,0.0085920,20447989,1671386579999,175486.5661970,537,11822957,101461.0867100,0
1671386580000,0.0085930,0.0086200,0.0085660,0.0085790,17372442,1671386759999,149241.1248640,468,9683482,83219.4823510,0
1671386760000,0.0085840,0.0085970,0.0085670,0.0085690,11786117,1671386939999,101103.1121470,290,6993967,59996.9023100,0
1671386940000,0.0085700,0.0085950,0.0085700,0.0085930,9490453,1671387119999,81451.3020020,228,6127067,52585.3740230,0
1671387120000,0.0085940,0.0086070,0.0085860,0.0085920,12126246,1671387299999,104258.8527040,264,5983245,51444.2987350,0
1671387300000,0.0085940,0.0086070,0.0085740,0.0085890,12723908,1671387479999,109324.1785710,293,7184815,61736.9781350,0
1671387480000,0.0085880,0.0085880,0.0085720,0.0085800,3623225,1671387659999,31080.5152280,134,1286226,11033.5650380,0
1671387660000,0.0085780,0.0085780,0.0085550,0.0085580,7328423,1671387839999,62760.9920880,175,1750673,14989.1214440,0
1671387840000,0.0085580,0.0085640,0.0085430,0.0085560,4101062,1671388019999,35089.7883560,112,1134676,9706.9325760,0
1671388020000,0.0085540,0.0085560,0.0085440,0.0085490,3889164,1671388199999,33251.2206670,92,1172792,10028.8664930,0
1671388200000,0.0085510,0.0085650,0.0085510,0.0085550,3095441,1671388379999,26488.1811750,89,1724478,14755.0048080,0
1671388380000,0.0085560,0.0085650,0.0085520,0.0085570,1389861,1671388559999,11892.7177490,57,890828,7622.0165710,0
1671388560000,0.0085580,0.0085580,0.0085330,0.0085400,7048767,1671388739999,60212.0956230,173,2015076,17215.2813220,0
1671388740000,0.0085390,0.0085400,0.0085330,0.0085330,2862429,1671388919999,24430.3576400,72,926180,7905.9110780,0
1671388920000,0.0085330,0.0085450,0.0085330,0.0085420,2393800,1671389099999,20438.8128120,41,1776690,15169.7632940,0
1671389100000,0.0085450,0.0085490,0.0085420,0.0085460,2984085,1671389279999,25500.5160980,62,1394549,11915.1818890,0
1671389280000,0.0085450,0.0085450,0.0085120,0.0085170,14477259,1671389459999,123471.0357320,294,3416398,29142.9259930,0
1671389460000,0.0085170,0.0085200,0.0084730,0.0084800,23348557,1671389639999,198397.9204290,588,10465852,88945.9250690,0
1671389640000,0.0084770,0.0085150,0.0084760,0.0085150,13546490,1671389819999,115070.3997120,302,7282653,61851.5807850,0
1671389820000,0.0085130,0.0085130,0.0084970,0.0085110,2283254,1671389999999,19420.3343320,64,1567210,13328.6642940,0
1671390000000,0.0085130,0.0085330,0.0085060,0.0085320,5727744,1671390179999,48798.9819590,183,2822696,24049.5419570,0
1671390180000,0.0085250,0.0085300,0.0085110,0.0085120,1821930,1671390359999,15523.1340140,63,562428,4792.6514390,0
1671390360000,0.0085170,0.0085200,0.0085020,0.0085040,1465931,1671390539999,12473.2960030,53,433561,3688.7509950,0
1671390540000,0.0085040,0.0085160,0.0085040,0.0085050,2154976,1671390719999,18338.8123970,52,1346335,11455.6576370,0
1671390720000,0.0085060,0.0085070,0.0084840,0.0084840,3469905,1671390899999,29488.3179610,101,1371965,11653.4416340,0
1671390900000,0.0084830,0.0085080,0.0084770,0.0085070,3348759,1671391079999,28443.2578680,112,2051623,17427.7915780,0
1671391080000,0.0085050,0.0085190,0.0085020,0.0085170,1663487,1671391259999,14154.4225470,69,871446,7414.0544600,0
1671391260000,0.0085140,0.0085320,0.0085120,0.0085320,2239028,1671391439999,19079.9902790,74,1554456,13246.1611800,0
1671391440000,0.0085280,0.0085330,0.0085260,0.0085310,2493165,1671391619999,21265.0700040,64,1296939,11060.8689020,0
1671391620000,0.0085290,0.0085440,0.0085250,0.0085280,5170380,1671391799999,44126.1705250,149,3001996,25622.1458520,0
1671391800000,0.0085260,0.0085400,0.0085240,0.0085300,2504801,1671391979999,21374.2630530,65,1304734,11134.0534420,0
1671391980000,0.0085320,0.0085390,0.0085270,0.0085370,1644427,1671392159999,14032.1022750,47,718677,6131.8447010,0
1671392160000,0.0085350,0.0085350,0.0085250,0.0085250,2959559,1671392339999,25243.1306760,55,569009,4852.6162020,0
1671392340000,0.0085260,0.0085310,0.0085260,0.0085300,768214,1671392519999,6552.2203320,29,308430,2630.5289270,0
1671392520000,0.0085300,0.0085520,0.0085280,0.0085520,1807267,1671392699999,15429.8433790,64,1610166,13747.5008200,0
1671392700000,0.0085500,0.0085500,0.0085260,0.0085260,3691940,1671392879999,31529.6938870,86,1351320,11544.9536860,0
1671392880000,0.0085280,0.0085390,0.0085280,0.0085360,1276125,1671393059999,10891.1546880,39,361342,3083.8501140,0
1671393060000,0.0085350,0.0085470,0.0085350,0.0085440,1460646,1671393239999,12475.4571130,37,733441,6262.5019030,0
1671393240000,0.0085450,0.0085500,0.0085440,0.0085450,1592926,1671393419999,13614.0233800,49,855479,7311.7099250,0
1671393420000,0.0085440,0.0085520,0.0085440,0.0085490,344073,1671393599999,2941.7385160,19,230098,1967.2968640,0
1671393600000,0.0085500,0.0086030,0.0085450,0.0085810,18674307,1671393779999,160156.9491250,528,10327428,88571.2407410,0
1671393780000,0.0085850,0.0085960,0.0085730,0.0085740,7721530,1671393959999,66279.5868320,187,2069829,17775.3846670,0
1671393960000,0.0085800,0.0085950,0.0085760,0.0085840,5960807,1671394139999,51169.7149610,117,4663311,40033.0316010,0
1671394140000,0.0085840,0.0085860,0.0085720,0.0085740,4487880,1671394319999,38516.9930000,101,1483160,12728.3658300,0
1671394320000,0.0085730,0.0085760,0.0085660,0.0085690,2474549,1671394499999,21208.7328950,61,564532,4837.9699050,0
1671394500000,0.0085700,0.0085840,0.0085680,0.0085790,4331120,1671394679999,37164.0812550,96,2380828,20429.5123720,0
1671394680000,0.0085780,0.0085830,0.0085770,0.0085770,1921515,1671394859999,16485.1830090,60,1248821,10714.2258580,0
1671394860000,0.0085770,0.0085800,0.0085650,0.0085670,1307142,1671395039999,11202.5899590,43,379872,3254.6189380,0
1671395040000,0.0085670,0.0085750,0.0085600,0.0085740,2591967,1671395219999,22204.9946810,79,1530776,13112.2272180,0
1671395220000,0.0085760,0.0085780,0.0085690,0.0085720,722763,1671395399999,6198.2035120,29,299020,2564.4178910,0
1671395400000,0.0085730,0.0085780,0.0085620,0.0085630,2035912,1671395579999,17454.0133560,60,672800,5768.3900050,0
1671395580000,0.0085640,0.0085690,0.0085490,0.0085650,4545615,1671395759999,38897.7006170,132,1459433,12486.6599850,0
1671395760000,0.0085660,0.0085700,0.0085620,0.0085650,2686722,1671395939999,23013.9951300,59,1831298,15685.9060180,0
1671395940000,0.0085660,0.0085660,0.0085580,0.0085590,3077136,1671396119999,26344.3530770,68,1468709,12573.3922930,0
1671396120000,0.0085590,0.0085780,0.0085570,0.0085770,3220379,1671396299999,27594.8800420,60,2417528,20716.5862230,0
1671396300000,0.0085760,0.0085850,0.0085670,0.0085740,3773950,1671396479999,32367.9424970,115,1893421,16241.0335450,0
1671396480000,0.0085740,0.0085780,0.0085680,0.0085720,1316612,1671396659999,11288.0144870,38,262762,2252.9344700,0
1671396660000,0.0085750,0.0086930,0.0085750,0.0086600,45581026,1671396839999,394184.2373850,1166,29766250,257232.4988640,0
1671396840000,0.0086630,0.0086630,0.0086080,0.0086140,16815955,1671397019999,145086.5492880,365,8295026,71549.4737120,0
1671397020000,0.0086150,0.0086360,0.0086140,0.0086250,4441275,1671397199999,38302.5962430,198,2018111,17402.3015540,0
1671397200000,0.0086290,0.0086290,0.0085800,0.0086070,24316045,1671397379999,209041.6048510,437,12111019,104066.8682640,0
1671397380000,0.0086080,0.0086100,0.0085750,0.0086000,5922753,1671397559999,50895.4855880,170,3116675,26783.8695330,0
1671397560000,0.0086010,0.0086140,0.0085950,0.0085980,8340076,1671397739999,71779.8656730,189,5182065,44605.2042970,0
1671397740000,0.0085980,0.0086190,0.0085950,0.0086180,3980623,1671397919999,34247.8789850,94,2567084,22089.2833120,0
1671397920000,0.0086190,0.0086270,0.0086090,0.0086180,4717329,1671398099999,40656.6069120,120,3086993,26608.3501480,0
1671398100000,0.0086170,0.0086210,0.0085820,0.0085940,8901531,1671398279999,76573.7244890,201,3864763,33222.8193060,0
1671398280000,0.0085960,0.0085970,0.0085770,0.0085850,4741098,1671398459999,40700.8319560,136,954998,8200.9030400,0
1671398460000,0.0085870,0.0085990,0.0085760,0.0085920,3283228,1671398639999,28191.3052200,85,903326,7759.8400320,0
1671398640000,0.0085890,0.0086020,0.0085890,0.0085900,1077526,1671398819999,9264.3932050,57,629593,5413.2673160,0
1671398820000,0.0085950,0.0086070,0.0085880,0.0085960,1837398,1671398999999,15796.2126180,64,440908,3791.0787790,0
1671399000000,0.0085960,0.0085970,0.0085040,0.0085400,34627036,1671399179999,295807.9739690,873,12311215,105093.7169260,0
1671399180000,0.0085410,0.0085580,0.0085250,0.0085440,15136937,1671399359999,129273.8421950,340,6930204,59190.8293070,0
1671399360000,0.0085490,0.0085510,0.0085270,0.0085440,5041008,1671399539999,43047.0984200,157,2503847,21389.0180190,0
1671399540000,0.0085430,0.0085500,0.0085390,0.0085410,1541438,1671399719999,13171.6055630,69,1140864,9748.3362650,0
1671399720000,0.0085420,0.0085520,0.0085400,0.0085460,3553994,1671399899999,30374.4267690,75,1620728,13852.7033840,0
1671399900000,0.0085460,0.0085480,0.0085340,0.0085460,5112822,1671400079999,43668.4662440,105,1938408,16559.7596990,0
1671400080000,0.0085450,0.0085550,0.0085440,0.0085540,3220799,1671400259999,27529.2829680,76,1519315,12989.3451170,0
1671400260000,0.0085540,0.0085560,0.0085520,0.0085550,1545899,1671400439999,13223.3898160,35,1171049,10016.7259570,0
1671400440000,0.0085560,0.0085630,0.0085510,0.0085590,2056227,1671400619999,17593.7204160,57,1773272,15173.8658540,0
1671400620000,0.0085590,0.0085650,0.0085470,0.0085510,4589445,1671400799999,39269.7837990,172,2792842,23896.4925180,0
1671400800000,0.0085530,0.0085740,0.0085530,0.0085600,6371657,1671400979999,54578.1617040,132,2374010,20330.0834570,0
1671400980000,0.0085610,0.0085680,0.0085610,0.0085640,1828484,1671401159999,15659.1808240,38,1371328,11744.7578770,0
1671401160000,0.0085650,0.0085770,0.0085630,0.0085730,699585,1671401339999,5994.5736180,53,386074,3308.3435670,0
1671401340000,0.0085730,0.0085820,0.0085730,0.0085820,3316830,1671401519999,28450.8586050,87,2358065,20228.2953710,0
1671401520000,0.0085820,0.0085840,0.0085730,0.0085800,4829420,1671401699999,41425.5403370,85,1494846,12825.1754550,0
1671401700000,0.0085810,0.0085840,0.0085720,0.0085760,2631246,1671401879999,22571.7849100,91,1030271,8837.3746540,0
1671401880000,0.0085770,0.0085850,0.0085770,0.0085820,1712490,1671402059999,14695.6688880,58,1291030,11078.6638680,0
1671402060000,0.0085810,0.0086230,0.0085800,0.0086220,4734339,1671402239999,40715.4076050,195,3056337,26276.9944520,0
1671402240000,0.0086230,0.0086240,0.0085940,0.0086120,10505500,1671402419999,90470.1230750,237,6029233,51913.7555070,0
1671402420000,0.0086130,0.0086270,0.0086050,0.0086120,8942924,1671402599999,77063.6095660,204,3174149,27358.6133220,0
1671402600000,0.0086130,0.0086140,0.0086010,0.0086120,5863747,1671402779999,50468.4589320,158,3332886,28683.8780420,0
1671402780000,0.0086120,0.0086330,0.0086110,0.0086330,7246821,1671402959999,62482.8611290,152,3832772,33047.6251280,0
1671402960000,0.0086320,0.0086520,0.0086100,0.0086200,15913457,1671403139999,137284.6805660,354,8321757,71802.3404960,0
1671403140000,0.0086240,0.0086340,0.0086110,0.0086130,3750220,1671403319999,32335.0717750,113,1711736,14758.6898200,0
1671403320000,0.0086120,0.0086150,0.0086050,0.0086070,1785749,1671403499999,15375.3219330,48,274603,2364.5336180,0
1671403500000,0.0086080,0.0086210,0.0085770,0.0085780,4085974,1671403679999,35172.4949030,156,979423,8430.6614470,0
1671403680000,0.0085780,0.0085980,0.0085600,0.0085950,20192300,1671403859999,173150.7269390,332,10893999,93422.7776780,0
1671403860000,0.0085930,0.0086280,0.0085770,0.0086070,8158984,1671404039999,70170.4454400,222,3912976,33655.0045250,0
1671404040000,0.0086070,0.0086220,0.0085890,0.0085960,3597246,1671404219999,30953.9026710,100,1864828,16041.1716490,0
1671404220000,0.0085960,0.0086040,0.0085910,0.0085960,3729091,1671404399999,32065.2465090,88,2341130,20130.8764370,0
1671404400000,0.0085970,0.0086350,0.0085910,0.0086320,8131167,1671404579999,70007.4669870,217,5051241,43516.3814750,0
1671404580000,0.0086320,0.0086490,0.0086170,0.0086400,8622897,1671404759999,74488.4152720,224,5569659,48117.8566630,0
1671404760000,0.0086380,0.0086410,0.0086140,0.0086150,4384215,1671404939999,37821.6767530,136,2600788,22435.4705560,0
1671404940000,0.0086140,0.0086290,0.0086140,0.0086280,1583909,1671405119999,13656.8614530,54,1006536,8679.1083520,0
1671405120000,0.0086280,0.0086530,0.0086240,0.0086340,5626136,1671405299999,48594.7078900,155,3857901,33314.8207370,0
1671405300000,0.0086340,0.0086440,0.0086100,0.0086120,3545829,1671405479999,30592.2472230,137,1728415,14913.7326780,0
1671405480000,0.0086130,0.0086230,0.0086080,0.0086210,2109382,1671405659999,18173.3813850,63,916817,7898.7157390,0
1671405660000,0.0086210,0.0086210,0.0086040,0.0086190,1831275,1671405839999,15771.1055430,58,905079,7792.6687760,0
1671405840000,0.0086190,0.0086190,0.0086050,0.0086050,2608398,1671406019999,22461.8993290,64,1099166,9463.8643400,0
1671406020000,0.0086040,0.0086110,0.0085950,0.0086040,2482338,1671406199999,21357.6229960,77,1198660,10314.8678540,0
1671406200000,0.0086080,0.0086200,0.0085960,0.0086150,5291513,1671406379999,45560.2294790,128,3334194,28703.9159830,0
1671406380000,0.0086120,0.0086120,0.0085760,0.0085840,6671917,1671406559999,57342.3578520,179,2568421,22059.5110470,0
1671406560000,0.0085810,0.0085930,0.0085750,0.0085920,2796316,1671406739999,24000.1091240,84,2080003,17853.6934860,0
1671406740000,0.0085900,0.0086000,0.0085890,0.0085930,2504613,1671406919999,21521.9033850,62,1337533,11493.1697790,0
1671406920000,0.0085920,0.0085960,0.0085810,0.0085830,1631606,1671407099999,14012.9375460,32,536354,4605.3552670,0
1671407100000,0.0085830,0.0085930,0.0085770,0.0085820,2260093,1671407279999,19404.6168090,54,881525,7568.0783810,0
1671407280000,0.0085750,0.0085820,0.0085730,0.0085730,1875221,1671407459999,16081.9532940,72,1099401,9428.7830170,0
1671407460000,0.0085750,0.0085760,0.0085630,0.0085640,3625345,1671407639999,31066.2064360,142,382559,3277.1211170,0
1671407640000,0.0085640,0.0085650,0.0085300,0.0085340,8746681,1671407819999,74725.1414640,293,2887384,24656.3370830,0
1671407820000,0.0085350,0.0085590,0.0085330,0.0085560,2854152,1671407999999,24389.2689100,84,2240860,19150.4916590,0
